image_name,artifact_id,pdf_name,page_num,image_path,centroid_x,centroid_y
0-آثارنا المنهوبة 30_p002_img002.png,0-آثارنا المنهوبة 30_p002_4065828c,0-آثارنا المنهوبة 30.pdf,2,,290.69,295.75
0-آثارنا المنهوبة 30_p003_img002.png,0-آثارنا المنهوبة 30_p003_2e0f1399,0-آثارنا المنهوبة 30.pdf,3,,290.66,292.78
0-آثارنا المنهوبة 30_p004_img002.png,0-آثارنا المنهوبة 30_p004_e96b4190,0-آثارنا المنهوبة 30.pdf,4,,290.62,292.72
0-آثارنا المنهوبة 30_p005_img002.png,0-آثارنا المنهوبة 30_p005_10baea5a,0-آثارنا المنهوبة 30.pdf,5,,290.66,292.77
0-آثارنا المنهوبة 30_p006_img002.png,0-آثارنا المنهوبة 30_p006_6686f187,0-آثارنا المنهوبة 30.pdf,6,,290.56,292.75
0-آثارنا المنهوبة 30_p007_img002.png,0-آثارنا المنهوبة 30_p007_f4603e0c,0-آثارنا المنهوبة 30.pdf,7,,290.59,292.79
0-آثارنا المنهوبة 30_p008_img002.png,0-آثارنا المنهوبة 30_p008_6098ac5e,0-آثارنا المنهوبة 30.pdf,8,,290.72,292.72
0-آثارنا المنهوبة 30_p009_img002.png,0-آثارنا المنهوبة 30_p009_8f0c48a1,0-آثارنا المنهوبة 30.pdf,9,,290.55,292.87
0-آثارنا المنهوبة 30_p010_img003.png,0-آثارنا المنهوبة 30_p010_82b6e20a,0-آثارنا المنهوبة 30.pdf,10,,290.66,292.83
0-آثارنا المنهوبة 30_p011_img003.png,0-آثارنا المنهوبة 30_p011_2fc817ec,0-آثارنا المنهوبة 30.pdf,11,,290.71,292.83
0-آثارنا المنهوبة 30_p012_img003.png,0-آثارنا المنهوبة 30_p012_4aa6b43c,0-آثارنا المنهوبة 30.pdf,12,,290.66,292.77
0-آثارنا المنهوبة 30_p013_img003.png,0-آثارنا المنهوبة 30_p013_d3799f39,0-آثارنا المنهوبة 30.pdf,13,,290.63,292.79
0-آثارنا المنهوبة 30_p014_img003.png,0-آثارنا المنهوبة 30_p014_9bc22dd3,0-آثارنا المنهوبة 30.pdf,14,,290.71,292.84
0-آثارنا المنهوبة 30_p015_img003.png,0-آثارنا المنهوبة 30_p015_0355db58,0-آثارنا المنهوبة 30.pdf,15,,290.67,292.86
0-آثارنا المنهوبة 30_p016_img003.png,0-آثارنا المنهوبة 30_p016_52fdfd6f,0-آثارنا المنهوبة 30.pdf,16,,290.63,292.87
0-آثارنا المنهوبة 30_p017_img003.png,0-آثارنا المنهوبة 30_p017_6c61750c,0-آثارنا المنهوبة 30.pdf,17,,290.6,292.89
0-آثارنا المنهوبة 30_p018_img003.png,0-آثارنا المنهوبة 30_p018_880a3521,0-آثارنا المنهوبة 30.pdf,18,,290.6,292.87
0-آثارنا المنهوبة 30_p019_img003.png,0-آثارنا المنهوبة 30_p019_bfd02ae9,0-آثارنا المنهوبة 30.pdf,19,,290.74,292.72
0-آثارنا المنهوبة 30_p020_img001.png,0-آثارنا المنهوبة 30_p020_5b4e7eb9,0-آثارنا المنهوبة 30.pdf,20,,290.73,292.84
0-آثارنا المنهوبة 30_p021_img001.png,0-آثارنا المنهوبة 30_p021_65971c7e,0-آثارنا المنهوبة 30.pdf,21,,290.64,292.84
0-آثارنا المنهوبة 30_p022_img001.png,0-آثارنا المنهوبة 30_p022_151bed79,0-آثارنا المنهوبة 30.pdf,22,,290.65,292.84
0-آثارنا المنهوبة 30_p023_img001.png,0-آثارنا المنهوبة 30_p023_ed1e9a07,0-آثارنا المنهوبة 30.pdf,23,,290.64,292.83
0-آثارنا المنهوبة 30_p024_img001.png,0-آثارنا المنهوبة 30_p024_e5663af0,0-آثارنا المنهوبة 30.pdf,24,,290.67,292.72
0-آثارنا المنهوبة 30_p025_img001.png,0-آثارنا المنهوبة 30_p025_442127da,0-آثارنا المنهوبة 30.pdf,25,,290.66,292.78
0-آثارنا المنهوبة 30_p026_img001.png,0-آثارنا المنهوبة 30_p026_bffdbce6,0-آثارنا المنهوبة 30.pdf,26,,290.69,292.8
0-آثارنا المنهوبة 30_p027_img002.png,0-آثارنا المنهوبة 30_p027_144a55e3,0-آثارنا المنهوبة 30.pdf,27,,290.58,292.72
0-آثارنا المنهوبة_10_p001_img006.png,0-آثارنا المنهوبة_10_p001_e0434930,0-آثارنا المنهوبة_10.pdf,1,,286.2,299.1
0-آثارنا المنهوبة_10_p002_img005.png,0-آثارنا المنهوبة_10_p002_631afa0a,0-آثارنا المنهوبة_10.pdf,2,,297.1,322.35
0-آثارنا المنهوبة_10_p003_img005.png,0-آثارنا المنهوبة_10_p003_2e6655ff,0-آثارنا المنهوبة_10.pdf,3,,296.53,311.32
0-آثارنا المنهوبة_10_p004_img005.png,0-آثارنا المنهوبة_10_p004_4c2721f1,0-آثارنا المنهوبة_10.pdf,4,,297.12,360.32
0-آثارنا المنهوبة_10_p005_img005.png,0-آثارنا المنهوبة_10_p005_545e800d,0-آثارنا المنهوبة_10.pdf,5,,297.3,306.65
0-آثارنا المنهوبة_10_p006_img005.png,0-آثارنا المنهوبة_10_p006_9a4ad919,0-آثارنا المنهوبة_10.pdf,6,,297.03,314.81
0-آثارنا المنهوبة_10_p007_img005.png,0-آثارنا المنهوبة_10_p007_57cd23fb,0-آثارنا المنهوبة_10.pdf,7,,314.05,325.64
0-آثارنا المنهوبة_10_p008_img005.png,0-آثارنا المنهوبة_10_p008_17bb71e2,0-آثارنا المنهوبة_10.pdf,8,,306.25,299.4
0-آثارنا المنهوبة_10_p009_img005.png,0-آثارنا المنهوبة_10_p009_562a976d,0-آثارنا المنهوبة_10.pdf,9,,296.72,285.83
0-آثارنا المنهوبة_10_p010_img005.png,0-آثارنا المنهوبة_10_p010_ebdca4fd,0-آثارنا المنهوبة_10.pdf,10,,313.1,306.27
0-آثارنا المنهوبة_10_p011_img005.png,0-آثارنا المنهوبة_10_p011_8da6a7a3,0-آثارنا المنهوبة_10.pdf,11,,322.68,285.7
0-آثارنا المنهوبة_10_p012_img005.png,0-آثارنا المنهوبة_10_p012_580fb51e,0-آثارنا المنهوبة_10.pdf,12,,313.05,299.2
0-آثارنا المنهوبة_10_p013_img005.png,0-آثارنا المنهوبة_10_p013_2740452a,0-آثارنا المنهوبة_10.pdf,13,,313.1,288.75
0-آثارنا المنهوبة_10_p014_img005.png,0-آثارنا المنهوبة_10_p014_3517d3cf,0-آثارنا المنهوبة_10.pdf,14,,312.85,300.42
0-آثارنا المنهوبة_10_p015_img005.png,0-آثارنا المنهوبة_10_p015_fdae0bd3,0-آثارنا المنهوبة_10.pdf,15,,313.09,279.72
0-آثارنا المنهوبة_10_p016_img005.png,0-آثارنا المنهوبة_10_p016_8d1e3a76,0-آثارنا المنهوبة_10.pdf,16,,312.77,248.92
0-آثارنا المنهوبة_10_p017_img005.png,0-آثارنا المنهوبة_10_p017_a92235c9,0-آثارنا المنهوبة_10.pdf,17,,312.88,323.35
0-آثارنا المنهوبة_10_p018_img005.png,0-آثارنا المنهوبة_10_p018_49544eb2,0-آثارنا المنهوبة_10.pdf,18,,313.1,348.46
0-آثارنا المنهوبة_10_p019_img005.png,0-آثارنا المنهوبة_10_p019_6f0de64e,0-آثارنا المنهوبة_10.pdf,19,,313.1,274.72
0-آثارنا المنهوبة_10_p020_img005.png,0-آثارنا المنهوبة_10_p020_d18e8f96,0-آثارنا المنهوبة_10.pdf,20,,295.25,334.8
0-آثارنا المنهوبة_10_p021_img005.png,0-آثارنا المنهوبة_10_p021_bc77bf78,0-آثارنا المنهوبة_10.pdf,21,,313.09,312.32
0-آثارنا المنهوبة_10_p022_img005.png,0-آثارنا المنهوبة_10_p022_75d2072c,0-آثارنا المنهوبة_10.pdf,22,,313.28,305.64
0-آثارنا المنهوبة_10_p023_img005.png,0-آثارنا المنهوبة_10_p023_9afad18b,0-آثارنا المنهوبة_10.pdf,23,,313.55,257.51
0-آثارنا المنهوبة_10_p024_img005.png,0-آثارنا المنهوبة_10_p024_d48fb288,0-آثارنا المنهوبة_10.pdf,24,,312.73,286.26
0-آثارنا المنهوبة_10_p025_img005.png,0-آثارنا المنهوبة_10_p025_c53a961d,0-آثارنا المنهوبة_10.pdf,25,,314.15,312.32
0-آثارنا المنهوبة_10_p026_img005.png,0-آثارنا المنهوبة_10_p026_f6a8f9a9,0-آثارنا المنهوبة_10.pdf,26,,313.12,278.04
0-آثارنا المنهوبة_10_p027_img005.png,0-آثارنا المنهوبة_10_p027_dca79307,0-آثارنا المنهوبة_10.pdf,27,,312.76,261.17
0-آثارنا المنهوبة_10_p028_img005.png,0-آثارنا المنهوبة_10_p028_00665aaa,0-آثارنا المنهوبة_10.pdf,28,,313.55,319.85
0-آثارنا المنهوبة_10_p029_img005.png,0-آثارنا المنهوبة_10_p029_e9def20a,0-آثارنا المنهوبة_10.pdf,29,,313.13,291.78
0-آثارنا المنهوبة_10_p030_img005.png,0-آثارنا المنهوبة_10_p030_ccd8e31d,0-آثارنا المنهوبة_10.pdf,30,,312.8,274.46
0-آثارنا المنهوبة_10_p031_img005.png,0-آثارنا المنهوبة_10_p031_29d014fc,0-آثارنا المنهوبة_10.pdf,31,,312.79,292.72
0-آثارنا المنهوبة_10_p032_img005.png,0-آثارنا المنهوبة_10_p032_488d02d7,0-آثارنا المنهوبة_10.pdf,32,,313.1,260.72
0-آثارنا المنهوبة_10_p033_img005.png,0-آثارنا المنهوبة_10_p033_71f40a11,0-آثارنا المنهوبة_10.pdf,33,,313.09,261.57
0-آثارنا المنهوبة_10_p034_img005.png,0-آثارنا المنهوبة_10_p034_759f2660,0-آثارنا المنهوبة_10.pdf,34,,313.1,258.32
0-آثارنا المنهوبة_10_p035_img006.png,0-آثارنا المنهوبة_10_p035_e38aa48c,0-آثارنا المنهوبة_10.pdf,35,,312.82,242.55
0-آثارنا المنهوبة_10_p036_img006.png,0-آثارنا المنهوبة_10_p036_28dbcca0,0-آثارنا المنهوبة_10.pdf,36,,313.1,239.89
0-آثارنا المنهوبة_10_p037_img006.png,0-آثارنا المنهوبة_10_p037_14408a7d,0-آثارنا المنهوبة_10.pdf,37,,312.97,240.32
0-آثارنا المنهوبة_10_p038_img005.png,0-آثارنا المنهوبة_10_p038_0a64cd36,0-آثارنا المنهوبة_10.pdf,38,,313.1,276.14
0-آثارنا المنهوبة_10_p039_img006.png,0-آثارنا المنهوبة_10_p039_c2cc43e7,0-آثارنا المنهوبة_10.pdf,39,,319.96,266.28
0-آثارنا المنهوبة_10_p040_img005.png,0-آثارنا المنهوبة_10_p040_6659a3f8,0-آثارنا المنهوبة_10.pdf,40,,312.78,238.17
0-آثارنا المنهوبة_10_p041_img006.png,0-آثارنا المنهوبة_10_p041_dfd46008,0-آثارنا المنهوبة_10.pdf,41,,313.0,217.37
0-آثارنا المنهوبة_10_p042_img005.png,0-آثارنا المنهوبة_10_p042_192fe7a5,0-آثارنا المنهوبة_10.pdf,42,,313.11,259.95
0-آثارنا المنهوبة_10_p043_img005.png,0-آثارنا المنهوبة_10_p043_6bc97a28,0-آثارنا المنهوبة_10.pdf,43,,313.08,257.08
0-آثارنا المنهوبة_10_p044_img005.png,0-آثارنا المنهوبة_10_p044_4c5d9f37,0-آثارنا المنهوبة_10.pdf,44,,312.78,223.67
0-آثارنا المنهوبة_10_p045_img005.png,0-آثارنا المنهوبة_10_p045_99bfbf8c,0-آثارنا المنهوبة_10.pdf,45,,313.1,236.35
0-آثارنا المنهوبة_10_p046_img005.png,0-آثارنا المنهوبة_10_p046_12e811d2,0-آثارنا المنهوبة_10.pdf,46,,313.1,257.4
0-آثارنا المنهوبة_10_p047_img005.png,0-آثارنا المنهوبة_10_p047_7c49c159,0-آثارنا المنهوبة_10.pdf,47,,313.05,246.75
0-آثارنا المنهوبة_10_p048_img005.png,0-آثارنا المنهوبة_10_p048_56226172,0-آثارنا المنهوبة_10.pdf,48,,312.85,251.01
0-آثارنا المنهوبة_10_p049_img005.png,0-آثارنا المنهوبة_10_p049_1fc29c1e,0-آثارنا المنهوبة_10.pdf,49,,313.1,225.38
0-آثارنا المنهوبة_10_p050_img005.png,0-آثارنا المنهوبة_10_p050_18cac402,0-آثارنا المنهوبة_10.pdf,50,,313.0,235.82
0-آثارنا المنهوبة_10_p051_img005.png,0-آثارنا المنهوبة_10_p051_34a7616b,0-آثارنا المنهوبة_10.pdf,51,,312.95,241.82
0-آثارنا المنهوبة_10_p052_img005.png,0-آثارنا المنهوبة_10_p052_fa11a25c,0-آثارنا المنهوبة_10.pdf,52,,312.78,238.17
0-آثارنا المنهوبة_10_p053_img005.png,0-آثارنا المنهوبة_10_p053_d3c8caa6,0-آثارنا المنهوبة_10.pdf,53,,312.78,230.85
0-آثارنا المنهوبة_10_p054_img005.png,0-آثارنا المنهوبة_10_p054_abef1e87,0-آثارنا المنهوبة_10.pdf,54,,313.0,230.88
0-آثارنا المنهوبة_10_p055_img005.png,0-آثارنا المنهوبة_10_p055_2e72c114,0-آثارنا المنهوبة_10.pdf,55,,313.1,242.14
0-آثارنا المنهوبة_10_p056_img005.png,0-آثارنا المنهوبة_10_p056_617442c5,0-آثارنا المنهوبة_10.pdf,56,,313.1,239.99
0-آثارنا المنهوبة_10_p057_img006.png,0-آثارنا المنهوبة_10_p057_310726c1,0-آثارنا المنهوبة_10.pdf,57,,312.88,225.5
0-آثارنا المنهوبة_10_p058_img005.png,0-آثارنا المنهوبة_10_p058_daf636c3,0-آثارنا المنهوبة_10.pdf,58,,316.55,236.35
0-آثارنا المنهوبة_10_p059_img005.png,0-آثارنا المنهوبة_10_p059_d03964ed,0-آثارنا المنهوبة_10.pdf,59,,312.97,241.52
0-آثارنا المنهوبة_10_p060_img005.png,0-آثارنا المنهوبة_10_p060_a08b7ee7,0-آثارنا المنهوبة_10.pdf,60,,312.85,236.51
0-آثارنا المنهوبة_10_p061_img005.png,0-آثارنا المنهوبة_10_p061_1748219e,0-آثارنا المنهوبة_10.pdf,61,,312.8,231.0
0-آثارنا المنهوبة_10_p062_img005.png,0-آثارنا المنهوبة_10_p062_e4da8aed,0-آثارنا المنهوبة_10.pdf,62,,312.88,258.45
0-آثارنا المنهوبة_10_p063_img005.png,0-آثارنا المنهوبة_10_p063_7c650d5d,0-آثارنا المنهوبة_10.pdf,63,,312.73,245.67
0-آثارنا المنهوبة_10_p064_img005.png,0-آثارنا المنهوبة_10_p064_849e91cc,0-آثارنا المنهوبة_10.pdf,64,,312.82,214.49
0-آثارنا المنهوبة_10_p065_img006.png,0-آثارنا المنهوبة_10_p065_20d411b4,0-آثارنا المنهوبة_10.pdf,65,,313.07,217.5
0-آثارنا المنهوبة_10_p066_img005.png,0-آثارنا المنهوبة_10_p066_24a6970b,0-آثارنا المنهوبة_10.pdf,66,,312.78,230.67
0-آثارنا المنهوبة_10_p067_img005.png,0-آثارنا المنهوبة_10_p067_ac96fcd1,0-آثارنا المنهوبة_10.pdf,67,,313.1,212.27
0-آثارنا المنهوبة_10_p068_img005.png,0-آثارنا المنهوبة_10_p068_ba9aadb6,0-آثارنا المنهوبة_10.pdf,68,,312.75,217.7
0-آثارنا المنهوبة_10_p069_img005.png,0-آثارنا المنهوبة_10_p069_fbb166c8,0-آثارنا المنهوبة_10.pdf,69,,313.08,208.48
0-آثارنا المنهوبة_10_p070_img005.png,0-آثارنا المنهوبة_10_p070_89bc8721,0-آثارنا المنهوبة_10.pdf,70,,313.0,230.65
0-آثارنا المنهوبة_10_p071_img005.png,0-آثارنا المنهوبة_10_p071_9aa6662e,0-آثارنا المنهوبة_10.pdf,71,,312.82,234.73
0-آثارنا المنهوبة_10_p072_img005.png,0-آثارنا المنهوبة_10_p072_6288a421,0-آثارنا المنهوبة_10.pdf,72,,313.09,207.2
0-آثارنا المنهوبة_10_p073_img005.png,0-آثارنا المنهوبة_10_p073_d8fc1a04,0-آثارنا المنهوبة_10.pdf,73,,313.1,209.5
0-آثارنا المنهوبة_10_p074_img005.png,0-آثارنا المنهوبة_10_p074_c161f5cf,0-آثارنا المنهوبة_10.pdf,74,,312.73,240.74
0-آثارنا المنهوبة_10_p075_img005.png,0-آثارنا المنهوبة_10_p075_9f7ba027,0-آثارنا المنهوبة_10.pdf,75,,313.09,206.23
0-آثارنا المنهوبة_10_p076_img005.png,0-آثارنا المنهوبة_10_p076_234f216d,0-آثارنا المنهوبة_10.pdf,76,,313.05,227.05
0-آثارنا المنهوبة_10_p077_img005.png,0-آثارنا المنهوبة_10_p077_356687a5,0-آثارنا المنهوبة_10.pdf,77,,312.8,240.63
0-آثارنا المنهوبة_10_p078_img005.png,0-آثارنا المنهوبة_10_p078_f2f3e7cb,0-آثارنا المنهوبة_10.pdf,78,,312.85,226.25
0-آثارنا المنهوبة_10_p079_img005.png,0-آثارنا المنهوبة_10_p079_c497918f,0-آثارنا المنهوبة_10.pdf,79,,312.98,236.88
0-آثارنا المنهوبة_10_p080_img005.png,0-آثارنا المنهوبة_10_p080_6756332a,0-آثارنا المنهوبة_10.pdf,80,,312.93,228.21
0-آثارنا المنهوبة_10_p081_img005.png,0-آثارنا المنهوبة_10_p081_235de0d7,0-آثارنا المنهوبة_10.pdf,81,,313.1,217.94
0-آثارنا المنهوبة_10_p082_img005.png,0-آثارنا المنهوبة_10_p082_6e058211,0-آثارنا المنهوبة_10.pdf,82,,312.79,221.35
0-آثارنا المنهوبة_10_p083_img005.png,0-آثارنا المنهوبة_10_p083_ac6e1897,0-آثارنا المنهوبة_10.pdf,83,,313.1,210.0
0-آثارنا المنهوبة_10_p084_img005.png,0-آثارنا المنهوبة_10_p084_bd7a2055,0-آثارنا المنهوبة_10.pdf,84,,313.09,240.05
0-آثارنا المنهوبة_10_p085_img005.png,0-آثارنا المنهوبة_10_p085_11863532,0-آثارنا المنهوبة_10.pdf,85,,312.82,228.12
0-آثارنا المنهوبة_10_p086_img005.png,0-آثارنا المنهوبة_10_p086_b4bc6c01,0-آثارنا المنهوبة_10.pdf,86,,313.1,220.5
0-آثارنا المنهوبة_10_p087_img005.png,0-آثارنا المنهوبة_10_p087_a80cea17,0-آثارنا المنهوبة_10.pdf,87,,313.08,233.15
0-آثارنا المنهوبة_10_p088_img005.png,0-آثارنا المنهوبة_10_p088_8da4f483,0-آثارنا المنهوبة_10.pdf,88,,313.1,218.99
0-آثارنا المنهوبة_10_p089_img005.png,0-آثارنا المنهوبة_10_p089_71b79839,0-آثارنا المنهوبة_10.pdf,89,,312.73,230.62
0-آثارنا المنهوبة_10_p090_img005.png,0-آثارنا المنهوبة_10_p090_a1821757,0-آثارنا المنهوبة_10.pdf,90,,312.97,230.17
0-آثارنا المنهوبة_10_p091_img005.png,0-آثارنا المنهوبة_10_p091_675dae56,0-آثارنا المنهوبة_10.pdf,91,,312.82,237.21
0-آثارنا المنهوبة_10_p092_img005.png,0-آثارنا المنهوبة_10_p092_7148fee1,0-آثارنا المنهوبة_10.pdf,92,,313.08,229.85
0-آثارنا المنهوبة_10_p093_img005.png,0-آثارنا المنهوبة_10_p093_d150be70,0-آثارنا المنهوبة_10.pdf,93,,313.09,237.02
0-آثارنا المنهوبة_10_p094_img005.png,0-آثارنا المنهوبة_10_p094_4beb2bd8,0-آثارنا المنهوبة_10.pdf,94,,313.09,232.77
0-آثارنا المنهوبة_10_p095_img005.png,0-آثارنا المنهوبة_10_p095_f45e4544,0-آثارنا المنهوبة_10.pdf,95,,313.1,216.05
0-آثارنا المنهوبة_10_p096_img005.png,0-آثارنا المنهوبة_10_p096_3b805a3b,0-آثارنا المنهوبة_10.pdf,96,,313.05,225.6
0-آثارنا المنهوبة_10_p097_img005.png,0-آثارنا المنهوبة_10_p097_262eef51,0-آثارنا المنهوبة_10.pdf,97,,313.09,258.45
0-آثارنا المنهوبة_10_p098_img005.png,0-آثارنا المنهوبة_10_p098_c56cfb3b,0-آثارنا المنهوبة_10.pdf,98,,313.07,227.85
0-آثارنا المنهوبة_10_p099_img005.png,0-آثارنا المنهوبة_10_p099_0528bb43,0-آثارنا المنهوبة_10.pdf,99,,313.09,225.63
0-آثارنا المنهوبة_10_p100_img005.png,0-آثارنا المنهوبة_10_p100_58192b63,0-آثارنا المنهوبة_10.pdf,100,,313.09,232.85
0-آثارنا المنهوبة_14_p001_img003.png,0-آثارنا المنهوبة_14_p001_62121bba,0-آثارنا المنهوبة_14.pdf,1,,327.43,322.07
0-آثارنا المنهوبة_14_p002_img003.png,0-آثارنا المنهوبة_14_p002_4f5abcd7,0-آثارنا المنهوبة_14.pdf,2,,320.48,324.46
0-آثارنا المنهوبة_14_p003_img003.png,0-آثارنا المنهوبة_14_p003_1e0e2300,0-آثارنا المنهوبة_14.pdf,3,,318.98,324.11
0-آثارنا المنهوبة_14_p004_img003.png,0-آثارنا المنهوبة_14_p004_e4cc200e,0-آثارنا المنهوبة_14.pdf,4,,319.22,323.58
0-آثارنا المنهوبة_14_p005_img003.png,0-آثارنا المنهوبة_14_p005_59922c9d,0-آثارنا المنهوبة_14.pdf,5,,293.25,311.51
0-آثارنا المنهوبة_14_p006_img003.png,0-آثارنا المنهوبة_14_p006_a48893c6,0-آثارنا المنهوبة_14.pdf,6,,319.48,274.55
0-آثارنا المنهوبة_14_p007_img003.png,0-آثارنا المنهوبة_14_p007_aacdc682,0-آثارنا المنهوبة_14.pdf,7,,308.85,291.92
0-آثارنا المنهوبة_14_p008_img003.png,0-آثارنا المنهوبة_14_p008_6aaa8301,0-آثارنا المنهوبة_14.pdf,8,,315.18,284.62
0-آثارنا المنهوبة_14_p009_img003.png,0-آثارنا المنهوبة_14_p009_fb023fb0,0-آثارنا المنهوبة_14.pdf,9,,291.3,299.45
0-آثارنا المنهوبة_14_p010_img003.png,0-آثارنا المنهوبة_14_p010_656a84d3,0-آثارنا المنهوبة_14.pdf,10,,289.4,323.89
0-آثارنا المنهوبة_14_p011_img003.png,0-آثارنا المنهوبة_14_p011_f3fc3f82,0-آثارنا المنهوبة_14.pdf,11,,302.95,304.5
0-آثارنا المنهوبة_14_p012_img003.png,0-آثارنا المنهوبة_14_p012_73b7d3a7,0-آثارنا المنهوبة_14.pdf,12,,324.55,284.85
0-آثارنا المنهوبة_14_p013_img003.png,0-آثارنا المنهوبة_14_p013_3222fb9a,0-آثارنا المنهوبة_14.pdf,13,,324.0,321.77
0-آثارنا المنهوبة_14_p014_img003.png,0-آثارنا المنهوبة_14_p014_a9daa7b6,0-آثارنا المنهوبة_14.pdf,14,,312.77,297.48
0-آثارنا المنهوبة_14_p015_img003.png,0-آثارنا المنهوبة_14_p015_f242a4cb,0-آثارنا المنهوبة_14.pdf,15,,315.25,306.7
0-آثارنا المنهوبة_14_p016_img003.png,0-آثارنا المنهوبة_14_p016_2cd7b659,0-آثارنا المنهوبة_14.pdf,16,,319.52,330.84
0-آثارنا المنهوبة_14_p017_img003.png,0-آثارنا المنهوبة_14_p017_39a255f9,0-آثارنا المنهوبة_14.pdf,17,,319.04,359.46
0-آثارنا المنهوبة_14_p018_img003.png,0-آثارنا المنهوبة_14_p018_444f37ec,0-آثارنا المنهوبة_14.pdf,18,,321.3,338.84
0-آثارنا المنهوبة_14_p019_img003.png,0-آثارنا المنهوبة_14_p019_d5f7eee0,0-آثارنا المنهوبة_14.pdf,19,,320.6,376.64
0-آثارنا المنهوبة_14_p020_img003.png,0-آثارنا المنهوبة_14_p020_f04d749f,0-آثارنا المنهوبة_14.pdf,20,,326.0,344.4
0-آثارنا المنهوبة_14_p021_img003.png,0-آثارنا المنهوبة_14_p021_c2cda6df,0-آثارنا المنهوبة_14.pdf,21,,302.6,296.86
0-آثارنا المنهوبة_14_p022_img003.png,0-آثارنا المنهوبة_14_p022_e7ef2ce4,0-آثارنا المنهوبة_14.pdf,22,,325.0,293.3
0-آثارنا المنهوبة_14_p023_img003.png,0-آثارنا المنهوبة_14_p023_c2a532c9,0-آثارنا المنهوبة_14.pdf,23,,325.3,310.79
0-آثارنا المنهوبة_14_p024_img003.png,0-آثارنا المنهوبة_14_p024_afae1a49,0-آثارنا المنهوبة_14.pdf,24,,329.0,304.1
0-آثارنا المنهوبة_14_p025_img003.png,0-آثارنا المنهوبة_14_p025_c5010102,0-آثارنا المنهوبة_14.pdf,25,,313.03,309.74
0-آثارنا المنهوبة_14_p026_img003.png,0-آثارنا المنهوبة_14_p026_2c507d36,0-آثارنا المنهوبة_14.pdf,26,,305.6,301.84
0-آثارنا المنهوبة_14_p027_img003.png,0-آثارنا المنهوبة_14_p027_ec708607,0-آثارنا المنهوبة_14.pdf,27,,306.4,301.46
0-آثارنا المنهوبة_14_p028_img003.png,0-آثارنا المنهوبة_14_p028_4041cb1f,0-آثارنا المنهوبة_14.pdf,28,,310.68,310.77
0-آثارنا المنهوبة_14_p029_img003.png,0-آثارنا المنهوبة_14_p029_f769888f,0-آثارنا المنهوبة_14.pdf,29,,329.3,298.07
0-آثارنا المنهوبة_14_p030_img003.png,0-آثارنا المنهوبة_14_p030_c5cb9878,0-آثارنا المنهوبة_14.pdf,30,,314.07,304.51
0-آثارنا المنهوبة_14_p031_img003.png,0-آثارنا المنهوبة_14_p031_5ec6ec23,0-آثارنا المنهوبة_14.pdf,31,,312.9,265.2
0-آثارنا المنهوبة_14_p032_img003.png,0-آثارنا المنهوبة_14_p032_82525ee5,0-آثارنا المنهوبة_14.pdf,32,,309.49,265.22
0-آثارنا المنهوبة_14_p033_img003.png,0-آثارنا المنهوبة_14_p033_f5cf6a94,0-آثارنا المنهوبة_14.pdf,33,,324.4,275.87
0-آثارنا المنهوبة_14_p034_img003.png,0-آثارنا المنهوبة_14_p034_cb7f1f4c,0-آثارنا المنهوبة_14.pdf,34,,316.5,292.87
0-آثارنا المنهوبة_14_p035_img003.png,0-آثارنا المنهوبة_14_p035_4c0a409e,0-آثارنا المنهوبة_14.pdf,35,,305.85,297.15
0-آثارنا المنهوبة_14_p036_img003.png,0-آثارنا المنهوبة_14_p036_90bc3926,0-آثارنا المنهوبة_14.pdf,36,,312.93,335.35
0-آثارنا المنهوبة_14_p037_img003.png,0-آثارنا المنهوبة_14_p037_d8eb0074,0-آثارنا المنهوبة_14.pdf,37,,306.3,298.75
0-آثارنا المنهوبة_14_p038_img003.png,0-آثارنا المنهوبة_14_p038_e61326bd,0-آثارنا المنهوبة_14.pdf,38,,310.4,284.46
0-آثارنا المنهوبة_14_p039_img003.png,0-آثارنا المنهوبة_14_p039_ddf060e7,0-آثارنا المنهوبة_14.pdf,39,,305.72,255.39
0-آثارنا المنهوبة_14_p040_img003.png,0-آثارنا المنهوبة_14_p040_58885c6e,0-آثارنا المنهوبة_14.pdf,40,,311.25,310.15
0-آثارنا المنهوبة_14_p041_img003.png,0-آثارنا المنهوبة_14_p041_6240297d,0-آثارنا المنهوبة_14.pdf,41,,308.75,309.53
0-آثارنا المنهوبة_14_p042_img003.png,0-آثارنا المنهوبة_14_p042_78ff3cb5,0-آثارنا المنهوبة_14.pdf,42,,309.93,279.1
0-آثارنا المنهوبة_14_p043_img003.png,0-آثارنا المنهوبة_14_p043_1add3b82,0-آثارنا المنهوبة_14.pdf,43,,308.35,290.62
0-آثارنا المنهوبة_14_p044_img003.png,0-آثارنا المنهوبة_14_p044_dfa1c7a5,0-آثارنا المنهوبة_14.pdf,44,,325.24,313.42
0-آثارنا المنهوبة_14_p045_img003.png,0-آثارنا المنهوبة_14_p045_fd5a4154,0-آثارنا المنهوبة_14.pdf,45,,320.17,283.17
0-آثارنا المنهوبة_15_p001_img003.png,0-آثارنا المنهوبة_15_p001_5ec7c6a6,0-آثارنا المنهوبة_15.pdf,1,,327.83,357.61
0-آثارنا المنهوبة_15_p002_img003.png,0-آثارنا المنهوبة_15_p002_4bfef4f4,0-آثارنا المنهوبة_15.pdf,2,,352.8,352.73
0-آثارنا المنهوبة_15_p003_img003.png,0-آثارنا المنهوبة_15_p003_fcc0a70a,0-آثارنا المنهوبة_15.pdf,3,,331.75,358.73
0-آثارنا المنهوبة_15_p004_img003.png,0-آثارنا المنهوبة_15_p004_c0da1350,0-آثارنا المنهوبة_15.pdf,4,,324.93,371.63
0-آثارنا المنهوبة_15_p005_img003.png,0-آثارنا المنهوبة_15_p005_673dba90,0-آثارنا المنهوبة_15.pdf,5,,318.05,324.52
0-آثارنا المنهوبة_15_p006_img003.png,0-آثارنا المنهوبة_15_p006_52386031,0-آثارنا المنهوبة_15.pdf,6,,317.77,341.12
0-آثارنا المنهوبة_15_p007_img003.png,0-آثارنا المنهوبة_15_p007_def7f6ce,0-آثارنا المنهوبة_15.pdf,7,,316.27,369.43
0-آثارنا المنهوبة_15_p008_img003.png,0-آثارنا المنهوبة_15_p008_6bee6ec6,0-آثارنا المنهوبة_15.pdf,8,,320.33,338.73
0-آثارنا المنهوبة_15_p009_img003.png,0-آثارنا المنهوبة_15_p009_916ab2dc,0-آثارنا المنهوبة_15.pdf,9,,316.82,366.08
0-آثارنا المنهوبة_15_p010_img003.png,0-آثارنا المنهوبة_15_p010_8edd6db0,0-آثارنا المنهوبة_15.pdf,10,,337.6,355.98
0-آثارنا المنهوبة_15_p011_img003.png,0-آثارنا المنهوبة_15_p011_49b777d2,0-آثارنا المنهوبة_15.pdf,11,,319.87,333.86
0-آثارنا المنهوبة_15_p012_img003.png,0-آثارنا المنهوبة_15_p012_e87323e2,0-آثارنا المنهوبة_15.pdf,12,,305.75,356.73
0-آثارنا المنهوبة_15_p013_img003.png,0-آثارنا المنهوبة_15_p013_0dd4672b,0-آثارنا المنهوبة_15.pdf,13,,326.5,354.85
0-آثارنا المنهوبة_15_p014_img003.png,0-آثارنا المنهوبة_15_p014_a068dae9,0-آثارنا المنهوبة_15.pdf,14,,307.88,329.33
0-آثارنا المنهوبة_15_p015_img003.png,0-آثارنا المنهوبة_15_p015_9324d7a9,0-آثارنا المنهوبة_15.pdf,15,,314.07,357.31
0-آثارنا المنهوبة_15_p016_img003.png,0-آثارنا المنهوبة_15_p016_db738e8e,0-آثارنا المنهوبة_15.pdf,16,,317.02,349.88
0-آثارنا المنهوبة_15_p017_img003.png,0-آثارنا المنهوبة_15_p017_3fa3bd29,0-آثارنا المنهوبة_15.pdf,17,,313.9,337.71
0-آثارنا المنهوبة_15_p018_img003.png,0-آثارنا المنهوبة_15_p018_ef4d7e3a,0-آثارنا المنهوبة_15.pdf,18,,313.12,354.88
0-آثارنا المنهوبة_15_p019_img003.png,0-آثارنا المنهوبة_15_p019_fb74bc8b,0-آثارنا المنهوبة_15.pdf,19,,312.23,349.43
0-آثارنا المنهوبة_15_p020_img003.png,0-آثارنا المنهوبة_15_p020_79ae21fe,0-آثارنا المنهوبة_15.pdf,20,,298.07,367.58
0-آثارنا المنهوبة_15_p021_img003.png,0-آثارنا المنهوبة_15_p021_5426c41f,0-آثارنا المنهوبة_15.pdf,21,,314.57,362.33
0-آثارنا المنهوبة_15_p022_img003.png,0-آثارنا المنهوبة_15_p022_61a0f22c,0-آثارنا المنهوبة_15.pdf,22,,321.02,377.48
0-آثارنا المنهوبة_15_p023_img003.png,0-آثارنا المنهوبة_15_p023_084e2ec4,0-آثارنا المنهوبة_15.pdf,23,,314.8,336.23
0-آثارنا المنهوبة_15_p024_img003.png,0-آثارنا المنهوبة_15_p024_b1de0c50,0-آثارنا المنهوبة_15.pdf,24,,339.68,375.38
0-آثارنا المنهوبة_15_p025_img003.png,0-آثارنا المنهوبة_15_p025_05285547,0-آثارنا المنهوبة_15.pdf,25,,325.12,388.53
0-آثارنا المنهوبة_15_p026_img003.png,0-آثارنا المنهوبة_15_p026_22dd2aa6,0-آثارنا المنهوبة_15.pdf,26,,318.65,373.58
0-آثارنا المنهوبة_15_p027_img003.png,0-آثارنا المنهوبة_15_p027_0e0a774f,0-آثارنا المنهوبة_15.pdf,27,,323.48,352.83
0-آثارنا المنهوبة_15_p028_img003.png,0-آثارنا المنهوبة_15_p028_c7d29530,0-آثارنا المنهوبة_15.pdf,28,,306.2,349.43
0-آثارنا المنهوبة_15_p029_img003.png,0-آثارنا المنهوبة_15_p029_708b80f1,0-آثارنا المنهوبة_15.pdf,29,,312.82,288.73
0-آثارنا المنهوبة_15_p030_img003.png,0-آثارنا المنهوبة_15_p030_33da7d09,0-آثارنا المنهوبة_15.pdf,30,,310.9,372.76
0-آثارنا المنهوبة_15_p031_img003.png,0-آثارنا المنهوبة_15_p031_5ab9265a,0-آثارنا المنهوبة_15.pdf,31,,316.6,358.08
0-آثارنا المنهوبة_15_p032_img003.png,0-آثارنا المنهوبة_15_p032_b74a4fc2,0-آثارنا المنهوبة_15.pdf,32,,315.45,367.28
0-آثارنا المنهوبة_15_p033_img003.png,0-آثارنا المنهوبة_15_p033_c4ceba0a,0-آثارنا المنهوبة_15.pdf,33,,306.77,325.98
0-آثارنا المنهوبة_15_p034_img003.png,0-آثارنا المنهوبة_15_p034_5ae1c445,0-آثارنا المنهوبة_15.pdf,34,,317.88,289.71
0-آثارنا المنهوبة_15_p034_img004.png,0-آثارنا المنهوبة_15_p034_5ae1c445,0-آثارنا المنهوبة_15.pdf,34,,320.65,353.91
0-آثارنا المنهوبة_15_p035_img003.png,0-آثارنا المنهوبة_15_p035_712fea6b,0-آثارنا المنهوبة_15.pdf,35,,312.62,328.88
0-آثارنا المنهوبة_15_p036_img003.png,0-آثارنا المنهوبة_15_p036_88b8da58,0-آثارنا المنهوبة_15.pdf,36,,316.43,356.56
0-آثارنا المنهوبة_15_p037_img003.png,0-آثارنا المنهوبة_15_p037_64fa1f75,0-آثارنا المنهوبة_15.pdf,37,,306.53,344.93
0-آثارنا المنهوبة_15_p038_img003.png,0-آثارنا المنهوبة_15_p038_0959e9dd,0-آثارنا المنهوبة_15.pdf,38,,315.32,384.26
0-آثارنا المنهوبة_15_p039_img003.png,0-آثارنا المنهوبة_15_p039_5857a955,0-آثارنا المنهوبة_15.pdf,39,,312.15,354.66
0-آثارنا المنهوبة_15_p040_img003.png,0-آثارنا المنهوبة_15_p040_e0dc32d6,0-آثارنا المنهوبة_15.pdf,40,,312.32,342.11
0-آثارنا المنهوبة_15_p041_img003.png,0-آثارنا المنهوبة_15_p041_db48b6be,0-آثارنا المنهوبة_15.pdf,41,,309.4,325.73
0-آثارنا المنهوبة_15_p042_img003.png,0-آثارنا المنهوبة_15_p042_871c71d9,0-آثارنا المنهوبة_15.pdf,42,,320.02,341.33
0-آثارنا المنهوبة_15_p043_img003.png,0-آثارنا المنهوبة_15_p043_7d4df7c8,0-آثارنا المنهوبة_15.pdf,43,,309.18,330.98
0-آثارنا المنهوبة_15_p044_img003.png,0-آثارنا المنهوبة_15_p044_012a8598,0-آثارنا المنهوبة_15.pdf,44,,318.75,346.56
0-آثارنا المنهوبة_15_p045_img003.png,0-آثارنا المنهوبة_15_p045_c931c985,0-آثارنا المنهوبة_15.pdf,45,,319.9,370.53
0-آثارنا المنهوبة_15_p046_img003.png,0-آثارنا المنهوبة_15_p046_0de7aaca,0-آثارنا المنهوبة_15.pdf,46,,302.93,367.23
0-آثارنا المنهوبة_15_p047_img003.png,0-آثارنا المنهوبة_15_p047_f7b5981e,0-آثارنا المنهوبة_15.pdf,47,,313.85,362.48
0-آثارنا المنهوبة_15_p048_img003.png,0-آثارنا المنهوبة_15_p048_f5d5eba6,0-آثارنا المنهوبة_15.pdf,48,,323.48,355.28
0-آثارنا المنهوبة_15_p049_img003.png,0-آثارنا المنهوبة_15_p049_69ab0fd4,0-آثارنا المنهوبة_15.pdf,49,,326.25,372.81
0-آثارنا المنهوبة_15_p050_img003.png,0-آثارنا المنهوبة_15_p050_26868a7b,0-آثارنا المنهوبة_15.pdf,50,,325.55,375.47
0-آثارنا المنهوبة_16_p001_img003.png,0-آثارنا المنهوبة_16_p001_64404493,0-آثارنا المنهوبة_16.pdf,1,,313.25,274.86
0-آثارنا المنهوبة_16_p002_img003.png,0-آثارنا المنهوبة_16_p002_3b31a507,0-آثارنا المنهوبة_16.pdf,2,,323.49,312.42
0-آثارنا المنهوبة_16_p003_img003.png,0-آثارنا المنهوبة_16_p003_a478c1a3,0-آثارنا المنهوبة_16.pdf,3,,346.6,298.74
0-آثارنا المنهوبة_16_p004_img003.png,0-آثارنا المنهوبة_16_p004_effd809f,0-آثارنا المنهوبة_16.pdf,4,,337.68,281.69
0-آثارنا المنهوبة_16_p005_img003.png,0-آثارنا المنهوبة_16_p005_c5076eb4,0-آثارنا المنهوبة_16.pdf,5,,313.98,291.25
0-آثارنا المنهوبة_16_p006_img003.png,0-آثارنا المنهوبة_16_p006_1ba70ff8,0-آثارنا المنهوبة_16.pdf,6,,296.67,318.0
0-آثارنا المنهوبة_16_p007_img003.png,0-آثارنا المنهوبة_16_p007_0fc20664,0-آثارنا المنهوبة_16.pdf,7,,307.94,297.12
0-آثارنا المنهوبة_16_p008_img003.png,0-آثارنا المنهوبة_16_p008_0033d68a,0-آثارنا المنهوبة_16.pdf,8,,258.17,272.55
0-آثارنا المنهوبة_16_p008_img004.png,0-آثارنا المنهوبة_16_p008_0033d68a,0-آثارنا المنهوبة_16.pdf,8,,434.5,268.93
0-آثارنا المنهوبة_16_p009_img003.png,0-آثارنا المنهوبة_16_p009_67e0ca1b,0-آثارنا المنهوبة_16.pdf,9,,324.07,312.21
0-آثارنا المنهوبة_16_p010_img003.png,0-آثارنا المنهوبة_16_p010_1a66044c,0-آثارنا المنهوبة_16.pdf,10,,437.08,260.55
0-آثارنا المنهوبة_16_p010_img004.png,0-آثارنا المنهوبة_16_p010_1a66044c,0-آثارنا المنهوبة_16.pdf,10,,190.9,260.75
0-آثارنا المنهوبة_16_p011_img003.png,0-آثارنا المنهوبة_16_p011_ba9f2252,0-آثارنا المنهوبة_16.pdf,11,,347.43,292.2
0-آثارنا المنهوبة_16_p012_img003.png,0-آثارنا المنهوبة_16_p012_54866ff3,0-آثارنا المنهوبة_16.pdf,12,,323.77,316.91
0-آثارنا المنهوبة_16_p013_img003.png,0-آثارنا المنهوبة_16_p013_c15d6f3a,0-آثارنا المنهوبة_16.pdf,13,,325.15,275.37
0-آثارنا المنهوبة_16_p014_img003.png,0-آثارنا المنهوبة_16_p014_9c48a41b,0-آثارنا المنهوبة_16.pdf,14,,332.47,256.15
0-آثارنا المنهوبة_18_p001_img005.png,0-آثارنا المنهوبة_18_p001_669d467d,0-آثارنا المنهوبة_18.pdf,1,,354.4,587.04
0-آثارنا المنهوبة_18_p001_img006.png,0-آثارنا المنهوبة_18_p001_669d467d,0-آثارنا المنهوبة_18.pdf,1,,217.49,586.8
0-آثارنا المنهوبة_18_p001_img007.png,0-آثارنا المنهوبة_18_p001_593cd272,0-آثارنا المنهوبة_18.pdf,1,,387.85,290.15
0-آثارنا المنهوبة_18_p001_img008.png,0-آثارنا المنهوبة_18_p001_593cd272,0-آثارنا المنهوبة_18.pdf,1,,206.52,289.9
0-آثارنا المنهوبة_18_p002_img005.png,0-آثارنا المنهوبة_18_p002_6dd48f0e,0-آثارنا المنهوبة_18.pdf,2,,377.27,554.29
0-آثارنا المنهوبة_18_p002_img006.png,0-آثارنا المنهوبة_18_p002_6dd48f0e,0-آثارنا المنهوبة_18.pdf,2,,217.61,554.39
0-آثارنا المنهوبة_18_p002_img007.png,0-آثارنا المنهوبة_18_p002_ae943cdb,0-آثارنا المنهوبة_18.pdf,2,,297.27,246.92
0-آثارنا المنهوبة_18_p003_img005.png,0-آثارنا المنهوبة_18_p003_84275417,0-آثارنا المنهوبة_18.pdf,3,,297.4,239.02
0-آثارنا المنهوبة_18_p003_img006.png,0-آثارنا المنهوبة_18_p003_fc5fac26,0-آثارنا المنهوبة_18.pdf,3,,399.4,561.82
0-آثارنا المنهوبة_18_p003_img007.png,0-آثارنا المنهوبة_18_p003_fc5fac26,0-آثارنا المنهوبة_18.pdf,3,,195.86,561.23
0-آثارنا المنهوبة_18_p004_img005.png,0-آثارنا المنهوبة_18_p004_094231c0,0-آثارنا المنهوبة_18.pdf,4,,297.37,572.67
0-آثارنا المنهوبة_18_p004_img006.png,0-آثارنا المنهوبة_18_p004_4f27afc0,0-آثارنا المنهوبة_18.pdf,4,,297.11,266.1
0-آثارنا المنهوبة_18_p005_img005.png,0-آثارنا المنهوبة_18_p005_c7e7b78a,0-آثارنا المنهوبة_18.pdf,5,,297.35,246.97
0-آثارنا المنهوبة_18_p005_img006.png,0-آثارنا المنهوبة_18_p005_2c734e86,0-آثارنا المنهوبة_18.pdf,5,,297.39,555.87
0-آثارنا المنهوبة_18_p006_img005.png,0-آثارنا المنهوبة_18_p006_c11d48c1,0-آثارنا المنهوبة_18.pdf,6,,297.36,262.75
0-آثارنا المنهوبة_18_p006_img006.png,0-آثارنا المنهوبة_18_p006_bb91182f,0-آثارنا المنهوبة_18.pdf,6,,297.4,587.57
0-آثارنا المنهوبة_18_p007_img005.png,0-آثارنا المنهوبة_18_p007_95827082,0-آثارنا المنهوبة_18.pdf,7,,297.4,264.88
0-آثارنا المنهوبة_18_p007_img006.png,0-آثارنا المنهوبة_18_p007_be9577b5,0-آثارنا المنهوبة_18.pdf,7,,297.39,588.57
0-آثارنا المنهوبة_18_p008_img005.png,0-آثارنا المنهوبة_18_p008_534e4431,0-آثارنا المنهوبة_18.pdf,8,,297.15,275.76
0-آثارنا المنهوبة_19_p001_img005.png,0-آثارنا المنهوبة_19_p001_294d6b2d,0-آثارنا المنهوبة_19.pdf,1,,283.95,355.09
0-آثارنا المنهوبة_19_p002_img005.png,0-آثارنا المنهوبة_19_p002_ccd82731,0-آثارنا المنهوبة_19.pdf,2,,283.95,303.45
0-آثارنا المنهوبة_19_p003_img005.png,0-آثارنا المنهوبة_19_p003_68d33d52,0-آثارنا المنهوبة_19.pdf,3,,297.28,308.72
0-آثارنا المنهوبة_19_p004_img005.png,0-آثارنا المنهوبة_19_p004_5e2dc892,0-آثارنا المنهوبة_19.pdf,4,,297.28,334.95
0-آثارنا المنهوبة_19_p005_img005.png,0-آثارنا المنهوبة_19_p005_bc5c1fc3,0-آثارنا المنهوبة_19.pdf,5,,297.09,288.55
0-آثارنا المنهوبة_19_p006_img005.png,0-آثارنا المنهوبة_19_p006_55714451,0-آثارنا المنهوبة_19.pdf,6,,296.97,358.64
0-آثارنا المنهوبة_19_p007_img005.png,0-آثارنا المنهوبة_19_p007_67eaeef1,0-آثارنا المنهوبة_19.pdf,7,,297.28,322.6
0-آثارنا المنهوبة_19_p008_img005.png,0-آثارنا المنهوبة_19_p008_3f1052df,0-آثارنا المنهوبة_19.pdf,8,,297.28,328.65
0-آثارنا المنهوبة_19_p009_img005.png,0-آثارنا المنهوبة_19_p009_7128eb36,0-آثارنا المنهوبة_19.pdf,9,,297.27,348.38
0-آثارنا المنهوبة_19_p010_img005.png,0-آثارنا المنهوبة_19_p010_da2683d3,0-آثارنا المنهوبة_19.pdf,10,,297.27,335.32
0-آثارنا المنهوبة_19_p011_img005.png,0-آثارنا المنهوبة_19_p011_4163a650,0-آثارنا المنهوبة_19.pdf,11,,297.27,351.6
0-آثارنا المنهوبة_19_p012_img005.png,0-آثارنا المنهوبة_19_p012_b1c2d8a1,0-آثارنا المنهوبة_19.pdf,12,,297.27,301.45
0-آثارنا المنهوبة_19_p013_img005.png,0-آثارنا المنهوبة_19_p013_9c466c62,0-آثارنا المنهوبة_19.pdf,13,,297.27,346.77
0-آثارنا المنهوبة_19_p014_img005.png,0-آثارنا المنهوبة_19_p014_2fe35087,0-آثارنا المنهوبة_19.pdf,14,,297.27,360.27
0-آثارنا المنهوبة_19_p015_img005.png,0-آثارنا المنهوبة_19_p015_b99ecd9b,0-آثارنا المنهوبة_19.pdf,15,,297.27,301.45
0-آثارنا المنهوبة_19_p016_img005.png,0-آثارنا المنهوبة_19_p016_f1c14395,0-آثارنا المنهوبة_19.pdf,16,,297.28,330.38
0-آثارنا المنهوبة_19_p017_img005.png,0-آثارنا المنهوبة_19_p017_05fc108b,0-آثارنا المنهوبة_19.pdf,17,,297.27,291.75
0-آثارنا المنهوبة_19_p018_img005.png,0-آثارنا المنهوبة_19_p018_67d766c0,0-آثارنا المنهوبة_19.pdf,18,,297.28,300.5
0-آثارنا المنهوبة_19_p019_img005.png,0-آثارنا المنهوبة_19_p019_233280a4,0-آثارنا المنهوبة_19.pdf,19,,297.27,343.17
0-آثارنا المنهوبة_19_p020_img005.png,0-آثارنا المنهوبة_19_p020_651730f0,0-آثارنا المنهوبة_19.pdf,20,,297.27,337.3
0-آثارنا المنهوبة_19_p021_img005.png,0-آثارنا المنهوبة_19_p021_e390ce45,0-آثارنا المنهوبة_19.pdf,21,,297.28,270.4
0-آثارنا المنهوبة_19_p022_img005.png,0-آثارنا المنهوبة_19_p022_326f8fc1,0-آثارنا المنهوبة_19.pdf,22,,297.27,379.86
0-آثارنا المنهوبة_19_p023_img005.png,0-آثارنا المنهوبة_19_p023_faae9bc7,0-آثارنا المنهوبة_19.pdf,23,,297.27,339.16
0-آثارنا المنهوبة_19_p024_img005.png,0-آثارنا المنهوبة_19_p024_b2b6dbc2,0-آثارنا المنهوبة_19.pdf,24,,297.27,324.15
0-آثارنا المنهوبة_19_p025_img005.png,0-آثارنا المنهوبة_19_p025_1f5cf1a6,0-آثارنا المنهوبة_19.pdf,25,,297.28,349.96
0-آثارنا المنهوبة_19_p026_img005.png,0-آثارنا المنهوبة_19_p026_c8fa5e2c,0-آثارنا المنهوبة_19.pdf,26,,297.28,346.6
0-آثارنا المنهوبة_19_p027_img005.png,0-آثارنا المنهوبة_19_p027_9cd828cf,0-آثارنا المنهوبة_19.pdf,27,,297.27,343.57
0-آثارنا المنهوبة_19_p028_img005.png,0-آثارنا المنهوبة_19_p028_9666997a,0-آثارنا المنهوبة_19.pdf,28,,297.02,304.64
0-آثارنا المنهوبة_19_p029_img005.png,0-آثارنا المنهوبة_19_p029_495dd84b,0-آثارنا المنهوبة_19.pdf,29,,297.27,365.71
0-آثارنا المنهوبة_19_p030_img005.png,0-آثارنا المنهوبة_19_p030_6c5f64eb,0-آثارنا المنهوبة_19.pdf,30,,297.27,364.28
0-آثارنا المنهوبة_19_p031_img005.png,0-آثارنا المنهوبة_19_p031_730dfa3d,0-آثارنا المنهوبة_19.pdf,31,,297.35,367.08
0-آثارنا المنهوبة_19_p032_img005.png,0-آثارنا المنهوبة_19_p032_93ced4b7,0-آثارنا المنهوبة_19.pdf,32,,297.27,343.17
0-آثارنا المنهوبة_19_p033_img005.png,0-آثارنا المنهوبة_19_p033_5f3b7707,0-آثارنا المنهوبة_19.pdf,33,,297.28,351.4
0-آثارنا المنهوبة_19_p034_img005.png,0-آثارنا المنهوبة_19_p034_24273a1d,0-آثارنا المنهوبة_19.pdf,34,,297.45,322.15
0-آثارنا المنهوبة_19_p035_img005.png,0-آثارنا المنهوبة_19_p035_bf482bed,0-آثارنا المنهوبة_19.pdf,35,,297.27,341.57
0-آثارنا المنهوبة_19_p036_img005.png,0-آثارنا المنهوبة_19_p036_988bc432,0-آثارنا المنهوبة_19.pdf,36,,297.28,295.48
0-آثارنا المنهوبة_19_p037_img005.png,0-آثارنا المنهوبة_19_p037_69095412,0-آثارنا المنهوبة_19.pdf,37,,297.28,302.1
0-آثارنا المنهوبة_19_p038_img005.png,0-آثارنا المنهوبة_19_p038_693823ed,0-آثارنا المنهوبة_19.pdf,38,,297.27,313.85
0-آثارنا المنهوبة_19_p039_img005.png,0-آثارنا المنهوبة_19_p039_6d43cebc,0-آثارنا المنهوبة_19.pdf,39,,284.08,302.88
0-آثارنا المنهوبة_19_p040_img005.png,0-آثارنا المنهوبة_19_p040_beb81773,0-آثارنا المنهوبة_19.pdf,40,,297.28,334.99
0-آثارنا المنهوبة_19_p041_img005.png,0-آثارنا المنهوبة_19_p041_da78d310,0-آثارنا المنهوبة_19.pdf,41,,283.98,295.76
0-آثارنا المنهوبة_19_p042_img005.png,0-آثارنا المنهوبة_19_p042_99ed724d,0-آثارنا المنهوبة_19.pdf,42,,297.28,307.25
0-آثارنا المنهوبة_19_p043_img005.png,0-آثارنا المنهوبة_19_p043_0cdc9c57,0-آثارنا المنهوبة_19.pdf,43,,297.27,330.61
0-آثارنا المنهوبة_19_p044_img005.png,0-آثارنا المنهوبة_19_p044_3b8ce08e,0-آثارنا المنهوبة_19.pdf,44,,284.08,338.96
0-آثارنا المنهوبة_19_p045_img005.png,0-آثارنا المنهوبة_19_p045_95cc1d3d,0-آثارنا المنهوبة_19.pdf,45,,297.27,335.76
0-آثارنا المنهوبة_19_p046_img005.png,0-آثارنا المنهوبة_19_p046_943d9d71,0-آثارنا المنهوبة_19.pdf,46,,297.27,302.3
0-آثارنا المنهوبة_19_p047_img005.png,0-آثارنا المنهوبة_19_p047_44ef61e8,0-آثارنا المنهوبة_19.pdf,47,,297.27,297.15
0-آثارنا المنهوبة_19_p048_img005.png,0-آثارنا المنهوبة_19_p048_b5246a2e,0-آثارنا المنهوبة_19.pdf,48,,297.28,307.95
0-آثارنا المنهوبة_19_p049_img005.png,0-آثارنا المنهوبة_19_p049_bf549fbd,0-آثارنا المنهوبة_19.pdf,49,,284.08,300.75
0-آثارنا المنهوبة_19_p050_img005.png,0-آثارنا المنهوبة_19_p050_7c5f056c,0-آثارنا المنهوبة_19.pdf,50,,297.28,333.89
0-آثارنا المنهوبة_20_p001_img006.png,0-آثارنا المنهوبة_20_p001_14ba7e53,0-آثارنا المنهوبة_20.pdf,1,,283.87,264.85
0-آثارنا المنهوبة_20_p002_img005.png,0-آثارنا المنهوبة_20_p002_b14b00e4,0-آثارنا المنهوبة_20.pdf,2,,284.08,280.31
0-آثارنا المنهوبة_20_p003_img005.png,0-آثارنا المنهوبة_20_p003_45ff5832,0-آثارنا المنهوبة_20.pdf,3,,284.07,234.6
0-آثارنا المنهوبة_20_p004_img005.png,0-آثارنا المنهوبة_20_p004_ee5f7ead,0-آثارنا المنهوبة_20.pdf,4,,284.08,270.31
0-آثارنا المنهوبة_20_p005_img005.png,0-آثارنا المنهوبة_20_p005_75c53cdf,0-آثارنا المنهوبة_20.pdf,5,,284.07,274.74
0-آثارنا المنهوبة_20_p006_img005.png,0-آثارنا المنهوبة_20_p006_85bfc1a7,0-آثارنا المنهوبة_20.pdf,6,,284.06,243.05
0-آثارنا المنهوبة_20_p007_img005.png,0-آثارنا المنهوبة_20_p007_2524522f,0-آثارنا المنهوبة_20.pdf,7,,284.06,283.24
0-آثارنا المنهوبة_20_p008_img005.png,0-آثارنا المنهوبة_20_p008_111af9b2,0-آثارنا المنهوبة_20.pdf,8,,283.81,254.37
0-آثارنا المنهوبة_20_p009_img005.png,0-آثارنا المنهوبة_20_p009_f0225467,0-آثارنا المنهوبة_20.pdf,9,,284.07,300.88
0-آثارنا المنهوبة_20_p010_img005.png,0-آثارنا المنهوبة_20_p010_dd9973f8,0-آثارنا المنهوبة_20.pdf,10,,284.08,291.31
0-آثارنا المنهوبة_20_p011_img005.png,0-آثارنا المنهوبة_20_p011_6e014a26,0-آثارنا المنهوبة_20.pdf,11,,283.8,303.73
0-آثارنا المنهوبة_20_p012_img005.png,0-آثارنا المنهوبة_20_p012_8da05589,0-آثارنا المنهوبة_20.pdf,12,,283.84,267.33
0-آثارنا المنهوبة_20_p013_img005.png,0-آثارنا المنهوبة_20_p013_724465ac,0-آثارنا المنهوبة_20.pdf,13,,283.76,269.31
0-آثارنا المنهوبة_20_p014_img005.png,0-آثارنا المنهوبة_20_p014_98e475ac,0-آثارنا المنهوبة_20.pdf,14,,283.89,268.18
0-آثارنا المنهوبة_20_p015_img005.png,0-آثارنا المنهوبة_20_p015_b321d6c7,0-آثارنا المنهوبة_20.pdf,15,,283.84,268.78
0-آثارنا المنهوبة_20_p016_img005.png,0-آثارنا المنهوبة_20_p016_47008bd5,0-آثارنا المنهوبة_20.pdf,16,,284.08,307.33
0-آثارنا المنهوبة_20_p017_img005.png,0-آثارنا المنهوبة_20_p017_f8383222,0-آثارنا المنهوبة_20.pdf,17,,283.8,246.82
0-آثارنا المنهوبة_20_p018_img005.png,0-آثارنا المنهوبة_20_p018_6abb85bf,0-آثارنا المنهوبة_20.pdf,18,,283.85,274.01
0-آثارنا المنهوبة_20_p019_img005.png,0-آثارنا المنهوبة_20_p019_6b4fc758,0-آثارنا المنهوبة_20.pdf,19,,284.05,294.37
0-آثارنا المنهوبة_20_p020_img005.png,0-آثارنا المنهوبة_20_p020_c52ba027,0-آثارنا المنهوبة_20.pdf,20,,284.04,268.99
0-آثارنا المنهوبة_20_p021_img005.png,0-آثارنا المنهوبة_20_p021_7fe4d473,0-آثارنا المنهوبة_20.pdf,21,,284.08,267.74
0-آثارنا المنهوبة_20_p022_img005.png,0-آثارنا المنهوبة_20_p022_baba8a54,0-آثارنا المنهوبة_20.pdf,22,,283.75,262.81
0-آثارنا المنهوبة_20_p023_img005.png,0-آثارنا المنهوبة_20_p023_2567218d,0-آثارنا المنهوبة_20.pdf,23,,283.76,247.82
0-آثارنا المنهوبة_20_p024_img005.png,0-آثارنا المنهوبة_20_p024_ce068211,0-آثارنا المنهوبة_20.pdf,24,,283.87,277.85
0-آثارنا المنهوبة_20_p025_img005.png,0-آثارنا المنهوبة_20_p025_a1fc2918,0-آثارنا المنهوبة_20.pdf,25,,284.08,262.22
0-آثارنا المنهوبة_20_p026_img005.png,0-آثارنا المنهوبة_20_p026_610bf14f,0-آثارنا المنهوبة_20.pdf,26,,283.68,266.19
0-آثارنا المنهوبة_20_p027_img005.png,0-آثارنا المنهوبة_20_p027_af3d91ae,0-آثارنا المنهوبة_20.pdf,27,,284.07,274.99
0-آثارنا المنهوبة_20_p028_img005.png,0-آثارنا المنهوبة_20_p028_9a4617ac,0-آثارنا المنهوبة_20.pdf,28,,284.06,266.91
0-آثارنا المنهوبة_20_p029_img005.png,0-آثارنا المنهوبة_20_p029_46e9a3df,0-آثارنا المنهوبة_20.pdf,29,,284.05,273.56
0-آثارنا المنهوبة_20_p030_img005.png,0-آثارنا المنهوبة_20_p030_1458be92,0-آثارنا المنهوبة_20.pdf,30,,283.86,256.8
0-آثارنا المنهوبة_20_p031_img005.png,0-آثارنا المنهوبة_20_p031_17726d68,0-آثارنا المنهوبة_20.pdf,31,,283.81,245.82
0-آثارنا المنهوبة_20_p032_img005.png,0-آثارنا المنهوبة_20_p032_f6012116,0-آثارنا المنهوبة_20.pdf,32,,283.74,249.52
0-آثارنا المنهوبة_20_p033_img005.png,0-آثارنا المنهوبة_20_p033_e55e377a,0-آثارنا المنهوبة_20.pdf,33,,283.97,267.32
0-آثارنا المنهوبة_20_p034_img005.png,0-آثارنا المنهوبة_20_p034_1d594993,0-آثارنا المنهوبة_20.pdf,34,,284.07,250.17
0-آثارنا المنهوبة_20_p035_img005.png,0-آثارنا المنهوبة_20_p035_2cbf1ee3,0-آثارنا المنهوبة_20.pdf,35,,284.05,245.1
0-آثارنا المنهوبة_20_p036_img005.png,0-آثارنا المنهوبة_20_p036_4747b1ef,0-آثارنا المنهوبة_20.pdf,36,,284.08,253.4
0-آثارنا المنهوبة_20_p037_img005.png,0-آثارنا المنهوبة_20_p037_2d4043d3,0-آثارنا المنهوبة_20.pdf,37,,284.07,278.74
0-آثارنا المنهوبة_20_p038_img005.png,0-آثارنا المنهوبة_20_p038_a18becd5,0-آثارنا المنهوبة_20.pdf,38,,284.08,273.76
0-آثارنا المنهوبة_20_p039_img005.png,0-آثارنا المنهوبة_20_p039_8d185c48,0-آثارنا المنهوبة_20.pdf,39,,284.08,240.19
0-آثارنا المنهوبة_20_p040_img005.png,0-آثارنا المنهوبة_20_p040_f8c329c1,0-آثارنا المنهوبة_20.pdf,40,,283.96,251.0
0-آثارنا المنهوبة_20_p041_img005.png,0-آثارنا المنهوبة_20_p041_ecea2d90,0-آثارنا المنهوبة_20.pdf,41,,283.91,243.72
0-آثارنا المنهوبة_20_p042_img005.png,0-آثارنا المنهوبة_20_p042_39bd1309,0-آثارنا المنهوبة_20.pdf,42,,283.79,248.37
0-آثارنا المنهوبة_20_p043_img005.png,0-آثارنا المنهوبة_20_p043_9bbf2b5f,0-آثارنا المنهوبة_20.pdf,43,,287.05,328.85
0-آثارنا المنهوبة_20_p044_img005.png,0-آثارنا المنهوبة_20_p044_2e039779,0-آثارنا المنهوبة_20.pdf,44,,284.8,360.66
0-آثارنا المنهوبة_20_p045_img005.png,0-آثارنا المنهوبة_20_p045_9156a25d,0-آثارنا المنهوبة_20.pdf,45,,284.07,349.54
0-آثارنا المنهوبة_20_p046_img005.png,0-آثارنا المنهوبة_20_p046_462aae8f,0-آثارنا المنهوبة_20.pdf,46,,283.97,332.05
0-آثارنا المنهوبة_20_p047_img005.png,0-آثارنا المنهوبة_20_p047_939f11c5,0-آثارنا المنهوبة_20.pdf,47,,283.97,365.84
0-آثارنا المنهوبة_20_p048_img005.png,0-آثارنا المنهوبة_20_p048_5801f2d6,0-آثارنا المنهوبة_20.pdf,48,,283.97,362.96
0-آثارنا المنهوبة_20_p049_img005.png,0-آثارنا المنهوبة_20_p049_701e2dca,0-آثارنا المنهوبة_20.pdf,49,,284.07,354.54
0-آثارنا المنهوبة_20_p050_img005.png,0-آثارنا المنهوبة_20_p050_a1da5613,0-آثارنا المنهوبة_20.pdf,50,,283.97,361.54
0-آثارنا المنهوبة_20_p051_img005.png,0-آثارنا المنهوبة_20_p051_1c6be826,0-آثارنا المنهوبة_20.pdf,51,,283.97,335.8
0-آثارنا المنهوبة_20_p052_img005.png,0-آثارنا المنهوبة_20_p052_0d4b862d,0-آثارنا المنهوبة_20.pdf,52,,283.97,364.76
0-آثارنا المنهوبة_20_p053_img005.png,0-آثارنا المنهوبة_20_p053_8f5c36d0,0-آثارنا المنهوبة_20.pdf,53,,283.97,362.24
0-آثارنا المنهوبة_20_p054_img005.png,0-آثارنا المنهوبة_20_p054_c3a12094,0-آثارنا المنهوبة_20.pdf,54,,284.08,360.49
0-آثارنا المنهوبة_20_p055_img005.png,0-آثارنا المنهوبة_20_p055_e3050ce4,0-آثارنا المنهوبة_20.pdf,55,,283.97,363.09
0-آثارنا المنهوبة_20_p056_img005.png,0-آثارنا المنهوبة_20_p056_7a103575,0-آثارنا المنهوبة_20.pdf,56,,283.97,332.3
0-آثارنا المنهوبة_20_p057_img005.png,0-آثارنا المنهوبة_20_p057_db7a58e9,0-آثارنا المنهوبة_20.pdf,57,,283.97,359.74
0-آثارنا المنهوبة_20_p058_img005.png,0-آثارنا المنهوبة_20_p058_93df077b,0-آثارنا المنهوبة_20.pdf,58,,283.97,332.93
0-آثارنا المنهوبة_20_p059_img005.png,0-آثارنا المنهوبة_20_p059_c69cf0b5,0-آثارنا المنهوبة_20.pdf,59,,283.97,334.93
0-آثارنا المنهوبة_20_p060_img005.png,0-آثارنا المنهوبة_20_p060_ec3b4cfe,0-آثارنا المنهوبة_20.pdf,60,,284.08,360.82
0-آثارنا المنهوبة_20_p061_img005.png,0-آثارنا المنهوبة_20_p061_b091d692,0-آثارنا المنهوبة_20.pdf,61,,283.97,365.16
0-آثارنا المنهوبة_20_p062_img005.png,0-آثارنا المنهوبة_20_p062_cc8d1539,0-آثارنا المنهوبة_20.pdf,62,,284.07,366.73
0-آثارنا المنهوبة_20_p063_img005.png,0-آثارنا المنهوبة_20_p063_d206ca8a,0-آثارنا المنهوبة_20.pdf,63,,283.97,335.5
0-آثارنا المنهوبة_20_p064_img005.png,0-آثارنا المنهوبة_20_p064_cee55f67,0-آثارنا المنهوبة_20.pdf,64,,283.97,334.15
0-آثارنا المنهوبة_20_p065_img005.png,0-آثارنا المنهوبة_20_p065_9590a362,0-آثارنا المنهوبة_20.pdf,65,,283.95,349.78
0-آثارنا المنهوبة_20_p066_img005.png,0-آثارنا المنهوبة_20_p066_616d9231,0-آثارنا المنهوبة_20.pdf,66,,283.82,356.67
0-آثارنا المنهوبة_20_p067_img005.png,0-آثارنا المنهوبة_20_p067_20f0c8ed,0-آثارنا المنهوبة_20.pdf,67,,284.08,318.47
0-آثارنا المنهوبة_20_p068_img005.png,0-آثارنا المنهوبة_20_p068_11108105,0-آثارنا المنهوبة_20.pdf,68,,284.07,317.22
0-آثارنا المنهوبة_20_p069_img005.png,0-آثارنا المنهوبة_20_p069_c5cf4c7d,0-آثارنا المنهوبة_20.pdf,69,,284.07,326.3
0-آثارنا المنهوبة_20_p070_img005.png,0-آثارنا المنهوبة_20_p070_2d4a4bb4,0-آثارنا المنهوبة_20.pdf,70,,283.95,318.77
0-آثارنا المنهوبة_20_p071_img005.png,0-آثارنا المنهوبة_20_p071_2e1902b5,0-آثارنا المنهوبة_20.pdf,71,,284.08,306.27
0-آثارنا المنهوبة_20_p072_img005.png,0-آثارنا المنهوبة_20_p072_779c119b,0-آثارنا المنهوبة_20.pdf,72,,284.07,313.77
0-آثارنا المنهوبة_20_p073_img005.png,0-آثارنا المنهوبة_20_p073_f69476db,0-آثارنا المنهوبة_20.pdf,73,,283.7,323.17
0-آثارنا المنهوبة_20_p074_img005.png,0-آثارنا المنهوبة_20_p074_81b6bda4,0-آثارنا المنهوبة_20.pdf,74,,284.07,356.67
0-آثارنا المنهوبة_21_p001_img005.png,0-آثارنا المنهوبة_21_p001_6adec507,0-آثارنا المنهوبة_21.pdf,1,,284.2,317.76
0-آثارنا المنهوبة_21_p002_img005.png,0-آثارنا المنهوبة_21_p002_6e218938,0-آثارنا المنهوبة_21.pdf,2,,284.24,301.47
0-آثارنا المنهوبة_21_p003_img005.png,0-آثارنا المنهوبة_21_p003_6b5eae07,0-آثارنا المنهوبة_21.pdf,3,,284.21,267.57
0-آثارنا المنهوبة_21_p004_img005.png,0-آثارنا المنهوبة_21_p004_ab94b753,0-آثارنا المنهوبة_21.pdf,4,,293.05,287.15
0-آثارنا المنهوبة_21_p005_img005.png,0-آثارنا المنهوبة_21_p005_539ad6f3,0-آثارنا المنهوبة_21.pdf,5,,311.5,297.35
0-آثارنا المنهوبة_21_p006_img005.png,0-آثارنا المنهوبة_21_p006_84c0b921,0-آثارنا المنهوبة_21.pdf,6,,282.9,277.39
0-آثارنا المنهوبة_21_p007_img005.png,0-آثارنا المنهوبة_21_p007_bba92ffb,0-آثارنا المنهوبة_21.pdf,7,,299.45,312.27
0-آثارنا المنهوبة_21_p008_img005.png,0-آثارنا المنهوبة_21_p008_4d2fd3f8,0-آثارنا المنهوبة_21.pdf,8,,302.95,302.6
0-آثارنا المنهوبة_21_p009_img005.png,0-آثارنا المنهوبة_21_p009_70022fb3,0-آثارنا المنهوبة_21.pdf,9,,281.23,288.72
0-آثارنا المنهوبة_21_p010_img005.png,0-آثارنا المنهوبة_21_p010_69ca4ac6,0-آثارنا المنهوبة_21.pdf,10,,294.35,281.46
0-آثارنا المنهوبة_21_p011_img005.png,0-آثارنا المنهوبة_21_p011_de7c463c,0-آثارنا المنهوبة_21.pdf,11,,307.8,304.21
0-آثارنا المنهوبة_21_p012_img005.png,0-آثارنا المنهوبة_21_p012_cb36e5e4,0-آثارنا المنهوبة_21.pdf,12,,302.17,299.97
0-آثارنا المنهوبة_21_p013_img005.png,0-آثارنا المنهوبة_21_p013_5466316d,0-آثارنا المنهوبة_21.pdf,13,,300.15,284.82
0-آثارنا المنهوبة_21_p014_img005.png,0-آثارنا المنهوبة_21_p014_587c3579,0-آثارنا المنهوبة_21.pdf,14,,289.81,286.67
0-آثارنا المنهوبة_21_p015_img005.png,0-آثارنا المنهوبة_21_p015_8de652d6,0-آثارنا المنهوبة_21.pdf,15,,293.1,315.0
0-آثارنا المنهوبة_21_p016_img005.png,0-آثارنا المنهوبة_21_p016_7c432e20,0-آثارنا المنهوبة_21.pdf,16,,303.08,305.25
0-آثارنا المنهوبة_21_p017_img005.png,0-آثارنا المنهوبة_21_p017_19d0b722,0-آثارنا المنهوبة_21.pdf,17,,296.27,290.99
0-آثارنا المنهوبة_21_p018_img005.png,0-آثارنا المنهوبة_21_p018_dfc398a6,0-آثارنا المنهوبة_21.pdf,18,,296.55,282.38
0-آثارنا المنهوبة_21_p019_img005.png,0-آثارنا المنهوبة_21_p019_6a294d81,0-آثارنا المنهوبة_21.pdf,19,,300.15,280.32
0-آثارنا المنهوبة_21_p020_img005.png,0-آثارنا المنهوبة_21_p020_59f8ecef,0-آثارنا المنهوبة_21.pdf,20,,309.73,297.36
0-آثارنا المنهوبة_21_p021_img005.png,0-آثارنا المنهوبة_21_p021_a227a653,0-آثارنا المنهوبة_21.pdf,21,,291.75,309.12
0-آثارنا المنهوبة_21_p022_img005.png,0-آثارنا المنهوبة_21_p022_33194a38,0-آثارنا المنهوبة_21.pdf,22,,289.85,321.76
0-آثارنا المنهوبة_21_p023_img005.png,0-آثارنا المنهوبة_21_p023_0ecb35f6,0-آثارنا المنهوبة_21.pdf,23,,305.75,303.55
0-آثارنا المنهوبة_21_p024_img005.png,0-آثارنا المنهوبة_21_p024_dec4451a,0-آثارنا المنهوبة_21.pdf,24,,305.03,283.69
0-آثارنا المنهوبة_21_p025_img005.png,0-آثارنا المنهوبة_21_p025_de34ae55,0-آثارنا المنهوبة_21.pdf,25,,296.12,271.67
0-آثارنا المنهوبة_21_p026_img005.png,0-آثارنا المنهوبة_21_p026_e8ab5e07,0-آثارنا المنهوبة_21.pdf,26,,304.68,279.76
0-آثارنا المنهوبة_21_p027_img005.png,0-آثارنا المنهوبة_21_p027_ae3c4f62,0-آثارنا المنهوبة_21.pdf,27,,304.47,309.8
0-آثارنا المنهوبة_21_p028_img005.png,0-آثارنا المنهوبة_21_p028_5d8aee21,0-آثارنا المنهوبة_21.pdf,28,,283.79,299.15
0-آثارنا المنهوبة_21_p029_img005.png,0-آثارنا المنهوبة_21_p029_d8585686,0-آثارنا المنهوبة_21.pdf,29,,284.22,298.88
0-آثارنا المنهوبة_21_p030_img006.png,0-آثارنا المنهوبة_21_p030_fbc5b747,0-آثارنا المنهوبة_21.pdf,30,,284.62,320.87
0-آثارنا المنهوبة_21_p031_img005.png,0-آثارنا المنهوبة_21_p031_bcd0f28f,0-آثارنا المنهوبة_21.pdf,31,,305.8,260.7
0-آثارنا المنهوبة_22_p001_img005.png,0-آثارنا المنهوبة_22_p001_893a67b8,0-آثارنا المنهوبة_22.pdf,1,,326.1,321.71
0-آثارنا المنهوبة_22_p002_img005.png,0-آثارنا المنهوبة_22_p002_bfc37e54,0-آثارنا المنهوبة_22.pdf,2,,286.64,250.67
0-آثارنا المنهوبة_22_p003_img005.png,0-آثارنا المنهوبة_22_p003_bb284de5,0-آثارنا المنهوبة_22.pdf,3,,324.08,277.45
0-آثارنا المنهوبة_22_p004_img005.png,0-آثارنا المنهوبة_22_p004_4c5b844c,0-آثارنا المنهوبة_22.pdf,4,,327.47,261.25
0-آثارنا المنهوبة_22_p005_img005.png,0-آثارنا المنهوبة_22_p005_668e82c7,0-آثارنا المنهوبة_22.pdf,5,,328.04,302.25
0-آثارنا المنهوبة_22_p006_img005.png,0-آثارنا المنهوبة_22_p006_b71734c4,0-آثارنا المنهوبة_22.pdf,6,,325.9,277.6
0-آثارنا المنهوبة_22_p007_img005.png,0-آثارنا المنهوبة_22_p007_0d42f868,0-آثارنا المنهوبة_22.pdf,7,,319.0,288.54
0-آثارنا المنهوبة_22_p008_img005.png,0-آثارنا المنهوبة_22_p008_e6f7e902,0-آثارنا المنهوبة_22.pdf,8,,333.33,267.54
0-آثارنا المنهوبة_22_p009_img005.png,0-آثارنا المنهوبة_22_p009_ab2ed43b,0-آثارنا المنهوبة_22.pdf,9,,327.74,234.09
0-آثارنا المنهوبة_22_p010_img005.png,0-آثارنا المنهوبة_22_p010_7fb500f3,0-آثارنا المنهوبة_22.pdf,10,,339.4,227.55
0-آثارنا المنهوبة_22_p011_img005.png,0-آثارنا المنهوبة_22_p011_683adcce,0-آثارنا المنهوبة_22.pdf,11,,327.89,240.8
0-آثارنا المنهوبة_22_p012_img005.png,0-آثارنا المنهوبة_22_p012_ec9c65d5,0-آثارنا المنهوبة_22.pdf,12,,328.02,249.55
0-آثارنا المنهوبة_22_p013_img005.png,0-آثارنا المنهوبة_22_p013_72b94c40,0-آثارنا المنهوبة_22.pdf,13,,326.43,287.81
0-آثارنا المنهوبة_22_p014_img005.png,0-آثارنا المنهوبة_22_p014_f8a5f56a,0-آثارنا المنهوبة_22.pdf,14,,327.82,239.58
0-آثارنا المنهوبة_22_p015_img005.png,0-آثارنا المنهوبة_22_p015_88c123d1,0-آثارنا المنهوبة_22.pdf,15,,333.98,255.57
0-آثارنا المنهوبة_22_p016_img005.png,0-آثارنا المنهوبة_22_p016_cc4b6a73,0-آثارنا المنهوبة_22.pdf,16,,351.58,266.96
0-آثارنا المنهوبة_22_p017_img005.png,0-آثارنا المنهوبة_22_p017_6abd9361,0-آثارنا المنهوبة_22.pdf,17,,337.38,332.09
0-آثارنا المنهوبة_22_p018_img005.png,0-آثارنا المنهوبة_22_p018_439e9ea8,0-آثارنا المنهوبة_22.pdf,18,,400.68,311.91
0-آثارنا المنهوبة_22_p019_img005.png,0-آثارنا المنهوبة_22_p019_3b93fef1,0-آثارنا المنهوبة_22.pdf,19,,334.55,283.15
0-آثارنا المنهوبة_22_p020_img005.png,0-آثارنا المنهوبة_22_p020_d68dbfc2,0-آثارنا المنهوبة_22.pdf,20,,318.02,275.55
0-آثارنا المنهوبة_22_p021_img005.png,0-آثارنا المنهوبة_22_p021_05077278,0-آثارنا المنهوبة_22.pdf,21,,330.72,271.1
0-آثارنا المنهوبة_22_p022_img005.png,0-آثارنا المنهوبة_22_p022_e2eb1dc8,0-آثارنا المنهوبة_22.pdf,22,,343.15,285.27
0-آثارنا المنهوبة_22_p023_img005.png,0-آثارنا المنهوبة_22_p023_23c77c9b,0-آثارنا المنهوبة_22.pdf,23,,335.18,267.65
0-آثارنا المنهوبة_22_p024_img005.png,0-آثارنا المنهوبة_22_p024_df087257,0-آثارنا المنهوبة_22.pdf,24,,335.76,287.44
0-آثارنا المنهوبة_22_p025_img005.png,0-آثارنا المنهوبة_22_p025_08380c5d,0-آثارنا المنهوبة_22.pdf,25,,327.68,264.46
0-آثارنا المنهوبة_22_p026_img005.png,0-آثارنا المنهوبة_22_p026_13970e3d,0-آثارنا المنهوبة_22.pdf,26,,319.2,310.61
0-آثارنا المنهوبة_22_p027_img005.png,0-آثارنا المنهوبة_22_p027_759f710f,0-آثارنا المنهوبة_22.pdf,27,,327.7,279.41
0-آثارنا المنهوبة_22_p028_img005.png,0-آثارنا المنهوبة_22_p028_66b11011,0-آثارنا المنهوبة_22.pdf,28,,430.17,251.05
0-آثارنا المنهوبة_22_p028_img006.png,0-آثارنا المنهوبة_22_p028_66b11011,0-آثارنا المنهوبة_22.pdf,28,,208.1,247.9
0-آثارنا المنهوبة_22_p029_img005.png,0-آثارنا المنهوبة_22_p029_ff538274,0-آثارنا المنهوبة_22.pdf,29,,340.9,260.64
0-آثارنا المنهوبة_22_p030_img005.png,0-آثارنا المنهوبة_22_p030_cb31daf3,0-آثارنا المنهوبة_22.pdf,30,,328.93,281.05
0-آثارنا المنهوبة_22_p031_img005.png,0-آثارنا المنهوبة_22_p031_22acfcad,0-آثارنا المنهوبة_22.pdf,31,,341.88,303.96
0-آثارنا المنهوبة_23_p001_img005.png,0-آثارنا المنهوبة_23_p001_3b177a57,0-آثارنا المنهوبة_23.pdf,1,,297.05,317.2
0-آثارنا المنهوبة_23_p002_img005.png,0-آثارنا المنهوبة_23_p002_1bd278fb,0-آثارنا المنهوبة_23.pdf,2,,271.37,293.51
0-آثارنا المنهوبة_23_p003_img005.png,0-آثارنا المنهوبة_23_p003_a6f1b4cd,0-آثارنا المنهوبة_23.pdf,3,,277.09,333.78
0-آثارنا المنهوبة_23_p004_img005.png,0-آثارنا المنهوبة_23_p004_09a953a0,0-آثارنا المنهوبة_23.pdf,4,,276.88,304.61
0-آثارنا المنهوبة_23_p005_img005.png,0-آثارنا المنهوبة_23_p005_f55e2a83,0-آثارنا المنهوبة_23.pdf,5,,277.1,327.58
0-آثارنا المنهوبة_23_p006_img005.png,0-آثارنا المنهوبة_23_p006_4e7522f7,0-آثارنا المنهوبة_23.pdf,6,,282.6,315.88
0-آثارنا المنهوبة_23_p007_img005.png,0-آثارنا المنهوبة_23_p007_885d7bea,0-آثارنا المنهوبة_23.pdf,7,,276.85,313.61
0-آثارنا المنهوبة_23_p008_img005.png,0-آثارنا المنهوبة_23_p008_05b6255b,0-آثارنا المنهوبة_23.pdf,8,,277.07,307.48
0-آثارنا المنهوبة_23_p009_img005.png,0-آثارنا المنهوبة_23_p009_b6a13d39,0-آثارنا المنهوبة_23.pdf,9,,277.0,301.5
0-آثارنا المنهوبة_23_p010_img005.png,0-آثارنا المنهوبة_23_p010_42068f0f,0-آثارنا المنهوبة_23.pdf,10,,277.05,314.53
0-آثارنا المنهوبة_23_p011_img005.png,0-آثارنا المنهوبة_23_p011_9d516878,0-آثارنا المنهوبة_23.pdf,11,,276.87,336.87
0-آثارنا المنهوبة_23_p012_img005.png,0-آثارنا المنهوبة_23_p012_328b6ba2,0-آثارنا المنهوبة_23.pdf,12,,311.6,304.38
0-آثارنا المنهوبة_23_p013_img005.png,0-آثارنا المنهوبة_23_p013_6877be73,0-آثارنا المنهوبة_23.pdf,13,,277.09,330.05
0-آثارنا المنهوبة_23_p014_img005.png,0-آثارنا المنهوبة_23_p014_242c6ad9,0-آثارنا المنهوبة_23.pdf,14,,276.9,339.98
0-آثارنا المنهوبة_23_p015_img005.png,0-آثارنا المنهوبة_23_p015_7d122071,0-آثارنا المنهوبة_23.pdf,15,,276.73,321.11
0-آثارنا المنهوبة_23_p016_img005.png,0-آثارنا المنهوبة_23_p016_d34f10b0,0-آثارنا المنهوبة_23.pdf,16,,277.1,264.31
0-آثارنا المنهوبة_23_p017_img005.png,0-آثارنا المنهوبة_23_p017_5355a7e9,0-آثارنا المنهوبة_23.pdf,17,,277.1,320.58
0-آثارنا المنهوبة_23_p018_img005.png,0-آثارنا المنهوبة_23_p018_828f18b7,0-آثارنا المنهوبة_23.pdf,18,,276.83,329.39
0-آثارنا المنهوبة_23_p019_img001.png,0-آثارنا المنهوبة_23_p019_6d3115bc,0-آثارنا المنهوبة_23.pdf,19,,277.1,339.36
0-آثارنا المنهوبة_23_p020_img001.png,0-آثارنا المنهوبة_23_p020_7fb70004,0-آثارنا المنهوبة_23.pdf,20,,277.1,337.47
0-آثارنا المنهوبة_23_p021_img001.png,0-آثارنا المنهوبة_23_p021_2ef78b19,0-آثارنا المنهوبة_23.pdf,21,,277.09,314.16
0-آثارنا المنهوبة_23_p022_img001.png,0-آثارنا المنهوبة_23_p022_fd8a0a14,0-آثارنا المنهوبة_23.pdf,22,,276.92,344.81
0-آثارنا المنهوبة_23_p023_img001.png,0-آثارنا المنهوبة_23_p023_c1627aa0,0-آثارنا المنهوبة_23.pdf,23,,277.09,329.81
0-آثارنا المنهوبة_23_p024_img001.png,0-آثارنا المنهوبة_23_p024_ffe01bb2,0-آثارنا المنهوبة_23.pdf,24,,277.09,328.63
0-آثارنا المنهوبة_23_p025_img001.png,0-آثارنا المنهوبة_23_p025_0a657650,0-آثارنا المنهوبة_23.pdf,25,,276.81,321.58
0-آثارنا المنهوبة_23_p026_img001.png,0-آثارنا المنهوبة_23_p026_748c8649,0-آثارنا المنهوبة_23.pdf,26,,276.88,298.04
0-آثارنا المنهوبة_23_p027_img001.png,0-آثارنا المنهوبة_23_p027_f4634af2,0-آثارنا المنهوبة_23.pdf,27,,277.09,300.26
0-آثارنا المنهوبة_23_p028_img001.png,0-آثارنا المنهوبة_23_p028_e4b77dbc,0-آثارنا المنهوبة_23.pdf,28,,277.08,339.98
0-آثارنا المنهوبة_23_p029_img001.png,0-آثارنا المنهوبة_23_p029_8fba2a61,0-آثارنا المنهوبة_23.pdf,29,,277.08,317.81
0-آثارنا المنهوبة_23_p030_img001.png,0-آثارنا المنهوبة_23_p030_d582f908,0-آثارنا المنهوبة_23.pdf,30,,277.09,324.5
0-آثارنا المنهوبة_23_p031_img001.png,0-آثارنا المنهوبة_23_p031_3ddd866d,0-آثارنا المنهوبة_23.pdf,31,,276.74,325.96
0-آثارنا المنهوبة_23_p032_img001.png,0-آثارنا المنهوبة_23_p032_2734196d,0-آثارنا المنهوبة_23.pdf,32,,277.1,325.08
0-آثارنا المنهوبة_23_p033_img001.png,0-آثارنا المنهوبة_23_p033_50d9b647,0-آثارنا المنهوبة_23.pdf,33,,276.95,317.02
0-آثارنا المنهوبة_23_p034_img001.png,0-آثارنا المنهوبة_23_p034_739e4656,0-آثارنا المنهوبة_23.pdf,34,,282.6,315.8
0-آثارنا المنهوبة_23_p035_img001.png,0-آثارنا المنهوبة_23_p035_08523e2f,0-آثارنا المنهوبة_23.pdf,35,,277.1,335.0
0-آثارنا المنهوبة_23_p036_img001.png,0-آثارنا المنهوبة_23_p036_f38b56f5,0-آثارنا المنهوبة_23.pdf,36,,277.09,328.33
0-آثارنا المنهوبة_23_p037_img001.png,0-آثارنا المنهوبة_23_p037_6911490a,0-آثارنا المنهوبة_23.pdf,37,,277.1,322.58
0-آثارنا المنهوبة_23_p038_img001.png,0-آثارنا المنهوبة_23_p038_02aca612,0-آثارنا المنهوبة_23.pdf,38,,277.03,320.75
0-آثارنا المنهوبة_23_p039_img001.png,0-آثارنا المنهوبة_23_p039_bb7ad38f,0-آثارنا المنهوبة_23.pdf,39,,277.08,323.88
0-آثارنا المنهوبة_23_p040_img001.png,0-آثارنا المنهوبة_23_p040_038da38c,0-آثارنا المنهوبة_23.pdf,40,,277.1,311.46
0-آثارنا المنهوبة_23_p041_img001.png,0-آثارنا المنهوبة_23_p041_e38d3616,0-آثارنا المنهوبة_23.pdf,41,,279.52,345.7
0-آثارنا المنهوبة_23_p042_img001.png,0-آثارنا المنهوبة_23_p042_df532a8f,0-آثارنا المنهوبة_23.pdf,42,,278.85,313.3
0-آثارنا المنهوبة_23_p043_img001.png,0-آثارنا المنهوبة_23_p043_8b4c9199,0-آثارنا المنهوبة_23.pdf,43,,277.07,332.53
0-آثارنا المنهوبة_23_p044_img001.png,0-آثارنا المنهوبة_23_p044_c0f20c38,0-آثارنا المنهوبة_23.pdf,44,,277.1,338.75
0-آثارنا المنهوبة_23_p045_img001.png,0-آثارنا المنهوبة_23_p045_efca2cf1,0-آثارنا المنهوبة_23.pdf,45,,277.1,335.64
0-آثارنا المنهوبة_23_p046_img001.png,0-آثارنا المنهوبة_23_p046_e3d25603,0-آثارنا المنهوبة_23.pdf,46,,276.97,329.93
0-آثارنا المنهوبة_23_p047_img001.png,0-آثارنا المنهوبة_23_p047_d9886b9b,0-آثارنا المنهوبة_23.pdf,47,,277.1,335.15
0-آثارنا المنهوبة_23_p048_img001.png,0-آثارنا المنهوبة_23_p048_18cbe10e,0-آثارنا المنهوبة_23.pdf,48,,277.09,324.01
0-آثارنا المنهوبة_23_p049_img001.png,0-آثارنا المنهوبة_23_p049_dd733e4c,0-آثارنا المنهوبة_23.pdf,49,,277.08,282.25
0-آثارنا المنهوبة_23_p050_img001.png,0-آثارنا المنهوبة_23_p050_e7d6c043,0-آثارنا المنهوبة_23.pdf,50,,277.1,247.08
0-آثارنا المنهوبة_23_p051_img001.png,0-آثارنا المنهوبة_23_p051_19424dd9,0-آثارنا المنهوبة_23.pdf,51,,277.1,316.08
0-آثارنا المنهوبة_23_p052_img001.png,0-آثارنا المنهوبة_23_p052_9ff6d97a,0-آثارنا المنهوبة_23.pdf,52,,276.73,305.58
0-آثارنا المنهوبة_23_p053_img001.png,0-آثارنا المنهوبة_23_p053_a6127312,0-آثارنا المنهوبة_23.pdf,53,,277.09,302.74
0-آثارنا المنهوبة_23_p054_img001.png,0-آثارنا المنهوبة_23_p054_c2b635d6,0-آثارنا المنهوبة_23.pdf,54,,277.1,272.2
0-آثارنا المنهوبة_24_p001_img005.png,0-آثارنا المنهوبة_24_p001_1a027ca7,0-آثارنا المنهوبة_24.pdf,1,,301.0,300.8
0-آثارنا المنهوبة_24_p002_img005.png,0-آثارنا المنهوبة_24_p002_877d0284,0-آثارنا المنهوبة_24.pdf,2,,318.22,301.65
0-آثارنا المنهوبة_24_p003_img005.png,0-آثارنا المنهوبة_24_p003_3f04e8a1,0-آثارنا المنهوبة_24.pdf,3,,302.55,270.25
0-آثارنا المنهوبة_24_p004_img005.png,0-آثارنا المنهوبة_24_p004_65aa4182,0-آثارنا المنهوبة_24.pdf,4,,291.17,298.42
0-آثارنا المنهوبة_24_p005_img005.png,0-آثارنا المنهوبة_24_p005_e62328cc,0-آثارنا المنهوبة_24.pdf,5,,303.75,272.85
0-آثارنا المنهوبة_24_p006_img005.png,0-آثارنا المنهوبة_24_p006_cd8130f4,0-آثارنا المنهوبة_24.pdf,6,,315.32,279.25
0-آثارنا المنهوبة_24_p007_img005.png,0-آثارنا المنهوبة_24_p007_0c303a56,0-آثارنا المنهوبة_24.pdf,7,,300.0,308.77
0-آثارنا المنهوبة_24_p008_img005.png,0-آثارنا المنهوبة_24_p008_b3bbc2a1,0-آثارنا المنهوبة_24.pdf,8,,323.22,300.3
0-آثارنا المنهوبة_24_p009_img005.png,0-آثارنا المنهوبة_24_p009_3635c14a,0-آثارنا المنهوبة_24.pdf,9,,308.35,305.8
0-آثارنا المنهوبة_24_p010_img005.png,0-آثارنا المنهوبة_24_p010_c5fd48bc,0-آثارنا المنهوبة_24.pdf,10,,303.25,280.42
0-آثارنا المنهوبة_24_p011_img005.png,0-آثارنا المنهوبة_24_p011_b3954a01,0-آثارنا المنهوبة_24.pdf,11,,296.44,246.42
0-آثارنا المنهوبة_24_p012_img005.png,0-آثارنا المنهوبة_24_p012_388bee28,0-آثارنا المنهوبة_24.pdf,12,,302.5,266.65
0-آثارنا المنهوبة_24_p013_img005.png,0-آثارنا المنهوبة_24_p013_bd7f4318,0-آثارنا المنهوبة_24.pdf,13,,301.67,276.65
0-آثارنا المنهوبة_24_p014_img005.png,0-آثارنا المنهوبة_24_p014_22603630,0-آثارنا المنهوبة_24.pdf,14,,311.87,288.85
0-آثارنا المنهوبة_24_p015_img005.png,0-آثارنا المنهوبة_24_p015_9446b713,0-آثارنا المنهوبة_24.pdf,15,,287.72,294.4
0-آثارنا المنهوبة_24_p016_img005.png,0-آثارنا المنهوبة_24_p016_669911fd,0-آثارنا المنهوبة_24.pdf,16,,314.42,290.95
0-آثارنا المنهوبة_24_p017_img005.png,0-آثارنا المنهوبة_24_p017_10fd8e92,0-آثارنا المنهوبة_24.pdf,17,,296.07,286.87
0-آثارنا المنهوبة_24_p018_img005.png,0-آثارنا المنهوبة_24_p018_aa9959df,0-آثارنا المنهوبة_24.pdf,18,,313.27,300.2
0-آثارنا المنهوبة_24_p019_img005.png,0-آثارنا المنهوبة_24_p019_d9486936,0-آثارنا المنهوبة_24.pdf,19,,288.32,269.8
0-آثارنا المنهوبة_24_p020_img005.png,0-آثارنا المنهوبة_24_p020_61bd4d40,0-آثارنا المنهوبة_24.pdf,20,,277.05,254.66
0-آثارنا المنهوبة_24_p021_img005.png,0-آثارنا المنهوبة_24_p021_cace8ee4,0-آثارنا المنهوبة_24.pdf,21,,313.05,295.42
0-آثارنا المنهوبة_24_p022_img005.png,0-آثارنا المنهوبة_24_p022_c1bd03c0,0-آثارنا المنهوبة_24.pdf,22,,304.87,258.55
0-آثارنا المنهوبة_24_p023_img005.png,0-آثارنا المنهوبة_24_p023_680e3156,0-آثارنا المنهوبة_24.pdf,23,,300.72,295.9
0-آثارنا المنهوبة_24_p024_img005.png,0-آثارنا المنهوبة_24_p024_8f908839,0-آثارنا المنهوبة_24.pdf,24,,304.8,298.37
0-آثارنا المنهوبة_24_p025_img005.png,0-آثارنا المنهوبة_24_p025_eae3fb86,0-آثارنا المنهوبة_24.pdf,25,,299.69,299.95
0-آثارنا المنهوبة_24_p026_img005.png,0-آثارنا المنهوبة_24_p026_7242eabd,0-آثارنا المنهوبة_24.pdf,26,,300.82,294.9
0-آثارنا المنهوبة_24_p027_img005.png,0-آثارنا المنهوبة_24_p027_62569c7f,0-آثارنا المنهوبة_24.pdf,27,,311.27,304.74
0-آثارنا المنهوبة_24_p028_img005.png,0-آثارنا المنهوبة_24_p028_7045447e,0-آثارنا المنهوبة_24.pdf,28,,311.89,285.35
0-آثارنا المنهوبة_24_p029_img005.png,0-آثارنا المنهوبة_24_p029_3b9d2e88,0-آثارنا المنهوبة_24.pdf,29,,309.82,271.9
0-آثارنا المنهوبة_24_p030_img005.png,0-آثارنا المنهوبة_24_p030_5553a59c,0-آثارنا المنهوبة_24.pdf,30,,309.72,297.17
0-آثارنا المنهوبة_24_p031_img005.png,0-آثارنا المنهوبة_24_p031_10d339c9,0-آثارنا المنهوبة_24.pdf,31,,297.42,309.24
0-آثارنا المنهوبة_24_p032_img005.png,0-آثارنا المنهوبة_24_p032_e1528142,0-آثارنا المنهوبة_24.pdf,32,,296.87,308.4
0-آثارنا المنهوبة_24_p033_img005.png,0-آثارنا المنهوبة_24_p033_3b265ec0,0-آثارنا المنهوبة_24.pdf,33,,309.07,306.05
0-آثارنا المنهوبة_24_p034_img005.png,0-آثارنا المنهوبة_24_p034_c0c24b0b,0-آثارنا المنهوبة_24.pdf,34,,306.92,275.95
0-آثارنا المنهوبة_24_p035_img005.png,0-آثارنا المنهوبة_24_p035_b42dbc7c,0-آثارنا المنهوبة_24.pdf,35,,303.37,313.77
0-آثارنا المنهوبة_24_p036_img005.png,0-آثارنا المنهوبة_24_p036_509ee257,0-آثارنا المنهوبة_24.pdf,36,,297.29,294.57
0-آثارنا المنهوبة_24_p037_img005.png,0-آثارنا المنهوبة_24_p037_de0dadd7,0-آثارنا المنهوبة_24.pdf,37,,310.05,294.12
0-آثارنا المنهوبة_24_p038_img005.png,0-آثارنا المنهوبة_24_p038_b3605768,0-آثارنا المنهوبة_24.pdf,38,,306.02,280.0
0-آثارنا المنهوبة_24_p039_img005.png,0-آثارنا المنهوبة_24_p039_04cd5044,0-آثارنا المنهوبة_24.pdf,39,,274.1,298.3
0-آثارنا المنهوبة_24_p040_img005.png,0-آثارنا المنهوبة_24_p040_612db9c5,0-آثارنا المنهوبة_24.pdf,40,,313.82,284.57
0-آثارنا المنهوبة_24_p041_img005.png,0-آثارنا المنهوبة_24_p041_f1e72e01,0-آثارنا المنهوبة_24.pdf,41,,307.62,277.07
0-آثارنا المنهوبة_24_p042_img005.png,0-آثارنا المنهوبة_24_p042_56933adc,0-آثارنا المنهوبة_24.pdf,42,,301.65,303.75
0-آثارنا المنهوبة_24_p043_img005.png,0-آثارنا المنهوبة_24_p043_2b40ba8b,0-آثارنا المنهوبة_24.pdf,43,,317.52,261.1
0-آثارنا المنهوبة_24_p044_img005.png,0-آثارنا المنهوبة_24_p044_5b2e3b39,0-آثارنا المنهوبة_24.pdf,44,,297.3,286.6
0-آثارنا المنهوبة_24_p045_img005.png,0-آثارنا المنهوبة_24_p045_18fb45e7,0-آثارنا المنهوبة_24.pdf,45,,306.0,292.3
0-آثارنا المنهوبة_24_p046_img005.png,0-آثارنا المنهوبة_24_p046_d4d12b18,0-آثارنا المنهوبة_24.pdf,46,,322.1,278.47
0-آثارنا المنهوبة_24_p047_img005.png,0-آثارنا المنهوبة_24_p047_e085b1e0,0-آثارنا المنهوبة_24.pdf,47,,299.69,292.12
0-آثارنا المنهوبة_24_p048_img005.png,0-آثارنا المنهوبة_24_p048_b92e64df,0-آثارنا المنهوبة_24.pdf,48,,302.44,278.7
0-آثارنا المنهوبة_24_p049_img005.png,0-آثارنا المنهوبة_24_p049_9baf51f2,0-آثارنا المنهوبة_24.pdf,49,,312.04,281.15
0-آثارنا المنهوبة_24_p050_img005.png,0-آثارنا المنهوبة_24_p050_b9e7a5eb,0-آثارنا المنهوبة_24.pdf,50,,312.35,271.52
0-آثارنا المنهوبة_24_p051_img005.png,0-آثارنا المنهوبة_24_p051_b885c4d2,0-آثارنا المنهوبة_24.pdf,51,,313.1,286.05
0-آثارنا المنهوبة_24_p052_img005.png,0-آثارنا المنهوبة_24_p052_84a39fff,0-آثارنا المنهوبة_24.pdf,52,,303.65,293.2
0-آثارنا المنهوبة_24_p053_img005.png,0-آثارنا المنهوبة_24_p053_b4c6b803,0-آثارنا المنهوبة_24.pdf,53,,309.27,273.17
0-آثارنا المنهوبة_24_p054_img005.png,0-آثارنا المنهوبة_24_p054_ea9d626c,0-آثارنا المنهوبة_24.pdf,54,,309.95,273.62
0-آثارنا المنهوبة_24_p055_img005.png,0-آثارنا المنهوبة_24_p055_6dae8273,0-آثارنا المنهوبة_24.pdf,55,,291.6,301.8
0-آثارنا المنهوبة_24_p056_img005.png,0-آثارنا المنهوبة_24_p056_a956c2c3,0-آثارنا المنهوبة_24.pdf,56,,296.72,287.3
0-آثارنا المنهوبة_24_p057_img005.png,0-آثارنا المنهوبة_24_p057_18ea6ebe,0-آثارنا المنهوبة_24.pdf,57,,307.62,255.97
0-آثارنا المنهوبة_24_p058_img005.png,0-آثارنا المنهوبة_24_p058_dd47286f,0-آثارنا المنهوبة_24.pdf,58,,286.14,265.97
0-آثارنا المنهوبة_24_p059_img005.png,0-آثارنا المنهوبة_24_p059_55febfe8,0-آثارنا المنهوبة_24.pdf,59,,297.4,268.27
0-آثارنا المنهوبة_24_p060_img005.png,0-آثارنا المنهوبة_24_p060_9e2334b5,0-آثارنا المنهوبة_24.pdf,60,,297.82,290.6
0-آثارنا المنهوبة_24_p061_img005.png,0-آثارنا المنهوبة_24_p061_2dcf7596,0-آثارنا المنهوبة_24.pdf,61,,299.2,292.47
0-آثارنا المنهوبة_24_p062_img005.png,0-آثارنا المنهوبة_24_p062_cdc80fe5,0-آثارنا المنهوبة_24.pdf,62,,306.15,260.1
0-آثارنا المنهوبة_24_p063_img005.png,0-آثارنا المنهوبة_24_p063_2586e3fe,0-آثارنا المنهوبة_24.pdf,63,,296.47,273.5
0-آثارنا المنهوبة_24_p064_img005.png,0-آثارنا المنهوبة_24_p064_c1e512dc,0-آثارنا المنهوبة_24.pdf,64,,325.47,285.37
0-آثارنا المنهوبة_24_p065_img005.png,0-آثارنا المنهوبة_24_p065_54b9f21c,0-آثارنا المنهوبة_24.pdf,65,,321.65,269.4
0-آثارنا المنهوبة_24_p066_img005.png,0-آثارنا المنهوبة_24_p066_e688f654,0-آثارنا المنهوبة_24.pdf,66,,296.65,281.05
0-آثارنا المنهوبة_24_p067_img005.png,0-آثارنا المنهوبة_24_p067_4d99a9e2,0-آثارنا المنهوبة_24.pdf,67,,302.82,278.87
0-آثارنا المنهوبة_24_p068_img005.png,0-آثارنا المنهوبة_24_p068_66e568c8,0-آثارنا المنهوبة_24.pdf,68,,314.3,274.72
0-آثارنا المنهوبة_24_p069_img005.png,0-آثارنا المنهوبة_24_p069_74273256,0-آثارنا المنهوبة_24.pdf,69,,301.32,297.77
0-آثارنا المنهوبة_24_p070_img005.png,0-آثارنا المنهوبة_24_p070_f55335e3,0-آثارنا المنهوبة_24.pdf,70,,303.5,292.75
0-آثارنا المنهوبة_24_p071_img005.png,0-آثارنا المنهوبة_24_p071_7101345d,0-آثارنا المنهوبة_24.pdf,71,,300.57,268.9
0-آثارنا المنهوبة_24_p072_img005.png,0-آثارنا المنهوبة_24_p072_aeb18ab2,0-آثارنا المنهوبة_24.pdf,72,,300.79,286.47
0-آثارنا المنهوبة_24_p073_img005.png,0-آثارنا المنهوبة_24_p073_928811d0,0-آثارنا المنهوبة_24.pdf,73,,311.69,303.15
0-آثارنا المنهوبة_24_p074_img005.png,0-آثارنا المنهوبة_24_p074_f73ad6df,0-آثارنا المنهوبة_24.pdf,74,,314.2,289.82
0-آثارنا المنهوبة_24_p075_img005.png,0-آثارنا المنهوبة_24_p075_ea657aa4,0-آثارنا المنهوبة_24.pdf,75,,325.32,296.15
0-آثارنا المنهوبة_24_p076_img005.png,0-آثارنا المنهوبة_24_p076_60540fde,0-آثارنا المنهوبة_24.pdf,76,,307.9,297.62
0-آثارنا المنهوبة_24_p077_img005.png,0-آثارنا المنهوبة_24_p077_cb7bc278,0-آثارنا المنهوبة_24.pdf,77,,308.04,261.07
0-آثارنا المنهوبة_24_p078_img005.png,0-آثارنا المنهوبة_24_p078_7f7d3734,0-آثارنا المنهوبة_24.pdf,78,,295.5,275.22
0-آثارنا المنهوبة_24_p079_img005.png,0-آثارنا المنهوبة_24_p079_bae3b2f2,0-آثارنا المنهوبة_24.pdf,79,,293.77,296.45
0-آثارنا المنهوبة_24_p080_img005.png,0-آثارنا المنهوبة_24_p080_3f6ea7cc,0-آثارنا المنهوبة_24.pdf,80,,319.0,306.25
0-آثارنا المنهوبة_24_p081_img005.png,0-آثارنا المنهوبة_24_p081_95a54da8,0-آثارنا المنهوبة_24.pdf,81,,311.25,271.72
0-آثارنا المنهوبة_24_p082_img005.png,0-آثارنا المنهوبة_24_p082_f4514b05,0-آثارنا المنهوبة_24.pdf,82,,296.99,307.22
0-آثارنا المنهوبة_24_p083_img005.png,0-آثارنا المنهوبة_24_p083_3170d05f,0-آثارنا المنهوبة_24.pdf,83,,305.44,252.27
0-آثارنا المنهوبة_24_p084_img005.png,0-آثارنا المنهوبة_24_p084_59d6578f,0-آثارنا المنهوبة_24.pdf,84,,328.69,267.35
0-آثارنا المنهوبة_25_p001_img005.png,0-آثارنا المنهوبة_25_p001_727222a7,0-آثارنا المنهوبة_25.pdf,1,,300.98,309.36
0-آثارنا المنهوبة_25_p002_img005.png,0-آثارنا المنهوبة_25_p002_ff2d3dda,0-آثارنا المنهوبة_25.pdf,2,,291.99,272.27
0-آثارنا المنهوبة_25_p003_img005.png,0-آثارنا المنهوبة_25_p003_85c68c3b,0-آثارنا المنهوبة_25.pdf,3,,308.17,284.77
0-آثارنا المنهوبة_25_p004_img005.png,0-آثارنا المنهوبة_25_p004_6c0d0179,0-آثارنا المنهوبة_25.pdf,4,,304.5,269.8
0-آثارنا المنهوبة_25_p005_img005.png,0-آثارنا المنهوبة_25_p005_a9b6090a,0-آثارنا المنهوبة_25.pdf,5,,293.65,285.97
0-آثارنا المنهوبة_25_p006_img005.png,0-آثارنا المنهوبة_25_p006_1cdb6eb3,0-آثارنا المنهوبة_25.pdf,6,,290.62,280.37
0-آثارنا المنهوبة_25_p007_img005.png,0-آثارنا المنهوبة_25_p007_1c050a86,0-آثارنا المنهوبة_25.pdf,7,,307.03,281.72
0-آثارنا المنهوبة_25_p008_img005.png,0-آثارنا المنهوبة_25_p008_44540d03,0-آثارنا المنهوبة_25.pdf,8,,305.87,298.55
0-آثارنا المنهوبة_25_p009_img005.png,0-آثارنا المنهوبة_25_p009_2f2b0ce4,0-آثارنا المنهوبة_25.pdf,9,,301.62,274.7
0-آثارنا المنهوبة_25_p010_img005.png,0-آثارنا المنهوبة_25_p010_d9c89231,0-آثارنا المنهوبة_25.pdf,10,,288.18,296.25
0-آثارنا المنهوبة_25_p011_img005.png,0-آثارنا المنهوبة_25_p011_c592ae55,0-آثارنا المنهوبة_25.pdf,11,,288.0,310.82
0-آثارنا المنهوبة_25_p012_img005.png,0-آثارنا المنهوبة_25_p012_62aa0a39,0-آثارنا المنهوبة_25.pdf,12,,296.98,313.62
0-آثارنا المنهوبة_25_p013_img005.png,0-آثارنا المنهوبة_25_p013_77e29dc4,0-آثارنا المنهوبة_25.pdf,13,,297.3,280.0
0-آثارنا المنهوبة_25_p014_img005.png,0-آثارنا المنهوبة_25_p014_eef7c864,0-آثارنا المنهوبة_25.pdf,14,,300.12,323.2
0-آثارنا المنهوبة_25_p015_img005.png,0-آثارنا المنهوبة_25_p015_3fe4479f,0-آثارنا المنهوبة_25.pdf,15,,302.18,294.8
0-آثارنا المنهوبة_25_p016_img005.png,0-آثارنا المنهوبة_25_p016_b639c212,0-آثارنا المنهوبة_25.pdf,16,,296.8,320.85
0-آثارنا المنهوبة_25_p017_img005.png,0-آثارنا المنهوبة_25_p017_157d5bda,0-آثارنا المنهوبة_25.pdf,17,,298.75,296.0
0-آثارنا المنهوبة_25_p018_img005.png,0-آثارنا المنهوبة_25_p018_6f4b152c,0-آثارنا المنهوبة_25.pdf,18,,297.4,312.52
0-آثارنا المنهوبة_25_p019_img005.png,0-آثارنا المنهوبة_25_p019_e4deff7b,0-آثارنا المنهوبة_25.pdf,19,,303.75,282.6
0-آثارنا المنهوبة_25_p020_img005.png,0-آثارنا المنهوبة_25_p020_e27076bd,0-آثارنا المنهوبة_25.pdf,20,,299.15,292.95
0-آثارنا المنهوبة_25_p021_img005.png,0-آثارنا المنهوبة_25_p021_85789d45,0-آثارنا المنهوبة_25.pdf,21,,296.73,299.92
0-آثارنا المنهوبة_25_p022_img005.png,0-آثارنا المنهوبة_25_p022_9f1d3fdf,0-آثارنا المنهوبة_25.pdf,22,,275.73,319.8
0-آثارنا المنهوبة_25_p023_img005.png,0-آثارنا المنهوبة_25_p023_4a745754,0-آثارنا المنهوبة_25.pdf,23,,312.52,319.65
0-آثارنا المنهوبة_25_p024_img005.png,0-آثارنا المنهوبة_25_p024_5ce2389f,0-آثارنا المنهوبة_25.pdf,24,,312.73,303.07
0-آثارنا المنهوبة_25_p025_img005.png,0-آثارنا المنهوبة_25_p025_2302ee91,0-آثارنا المنهوبة_25.pdf,25,,304.32,309.35
0-آثارنا المنهوبة_25_p026_img005.png,0-آثارنا المنهوبة_25_p026_1fcd326b,0-آثارنا المنهوبة_25.pdf,26,,322.37,292.45
0-آثارنا المنهوبة_25_p027_img005.png,0-آثارنا المنهوبة_25_p027_b022fb35,0-آثارنا المنهوبة_25.pdf,27,,308.55,270.87
0-آثارنا المنهوبة_25_p028_img005.png,0-آثارنا المنهوبة_25_p028_a003fe3c,0-آثارنا المنهوبة_25.pdf,28,,300.44,296.22
0-آثارنا المنهوبة_25_p029_img005.png,0-آثارنا المنهوبة_25_p029_7a71fcd3,0-آثارنا المنهوبة_25.pdf,29,,319.23,310.82
0-آثارنا المنهوبة_25_p030_img005.png,0-آثارنا المنهوبة_25_p030_6a5dc758,0-آثارنا المنهوبة_25.pdf,30,,314.38,300.22
0-آثارنا المنهوبة_25_p031_img005.png,0-آثارنا المنهوبة_25_p031_d07c367c,0-آثارنا المنهوبة_25.pdf,31,,322.42,292.5
0-آثارنا المنهوبة_25_p032_img005.png,0-آثارنا المنهوبة_25_p032_c737ed55,0-آثارنا المنهوبة_25.pdf,32,,310.94,303.25
0-آثارنا المنهوبة_25_p033_img005.png,0-آثارنا المنهوبة_25_p033_facfb986,0-آثارنا المنهوبة_25.pdf,33,,311.9,302.6
0-آثارنا المنهوبة_25_p034_img005.png,0-آثارنا المنهوبة_25_p034_200fc292,0-آثارنا المنهوبة_25.pdf,34,,307.72,295.82
0-آثارنا المنهوبة_25_p035_img005.png,0-آثارنا المنهوبة_25_p035_2f5db211,0-آثارنا المنهوبة_25.pdf,35,,310.17,298.7
0-آثارنا المنهوبة_25_p036_img005.png,0-آثارنا المنهوبة_25_p036_bea25d9f,0-آثارنا المنهوبة_25.pdf,36,,297.43,296.96
0-آثارنا المنهوبة_25_p037_img005.png,0-آثارنا المنهوبة_25_p037_76bcbec5,0-آثارنا المنهوبة_25.pdf,37,,287.55,296.7
0-آثارنا المنهوبة_25_p038_img005.png,0-آثارنا المنهوبة_25_p038_a303509a,0-آثارنا المنهوبة_25.pdf,38,,297.58,314.4
0-آثارنا المنهوبة_25_p039_img005.png,0-آثارنا المنهوبة_25_p039_21a0fd74,0-آثارنا المنهوبة_25.pdf,39,,297.22,293.45
0-آثارنا المنهوبة_25_p040_img005.png,0-آثارنا المنهوبة_25_p040_1772345a,0-آثارنا المنهوبة_25.pdf,40,,302.82,284.87
0-آثارنا المنهوبة_25_p041_img005.png,0-آثارنا المنهوبة_25_p041_16bc353c,0-آثارنا المنهوبة_25.pdf,41,,295.02,301.77
0-آثارنا المنهوبة_25_p042_img005.png,0-آثارنا المنهوبة_25_p042_a0c5b0df,0-آثارنا المنهوبة_25.pdf,42,,297.28,299.25
0-آثارنا المنهوبة_25_p043_img005.png,0-آثارنا المنهوبة_25_p043_e92bb9bc,0-آثارنا المنهوبة_25.pdf,43,,305.06,275.52
0-آثارنا المنهوبة_25_p044_img005.png,0-آثارنا المنهوبة_25_p044_1394a6c0,0-آثارنا المنهوبة_25.pdf,44,,299.28,283.77
0-آثارنا المنهوبة_25_p045_img005.png,0-آثارنا المنهوبة_25_p045_eaae26b1,0-آثارنا المنهوبة_25.pdf,45,,296.73,292.02
0-آثارنا المنهوبة_25_p046_img005.png,0-آثارنا المنهوبة_25_p046_0ea08f6c,0-آثارنا المنهوبة_25.pdf,46,,284.07,263.57
0-آثارنا المنهوبة_25_p047_img005.png,0-آثارنا المنهوبة_25_p047_a4daec26,0-آثارنا المنهوبة_25.pdf,47,,294.1,264.15
0-آثارنا المنهوبة_25_p048_img005.png,0-آثارنا المنهوبة_25_p048_04475953,0-آثارنا المنهوبة_25.pdf,48,,281.35,242.62
0-آثارنا المنهوبة_25_p049_img005.png,0-آثارنا المنهوبة_25_p049_2f28b0e7,0-آثارنا المنهوبة_25.pdf,49,,293.93,300.12
0-آثارنا المنهوبة_25_p050_img005.png,0-آثارنا المنهوبة_25_p050_ee11b378,0-آثارنا المنهوبة_25.pdf,50,,288.1,313.72
0-آثارنا المنهوبة_25_p051_img005.png,0-آثارنا المنهوبة_25_p051_3acdaa81,0-آثارنا المنهوبة_25.pdf,51,,285.0,285.95
0-آثارنا المنهوبة_25_p052_img005.png,0-آثارنا المنهوبة_25_p052_3bf323d0,0-آثارنا المنهوبة_25.pdf,52,,287.12,291.12
0-آثارنا المنهوبة_25_p053_img005.png,0-آثارنا المنهوبة_25_p053_809895ce,0-آثارنا المنهوبة_25.pdf,53,,285.85,280.82
0-آثارنا المنهوبة_25_p054_img005.png,0-آثارنا المنهوبة_25_p054_975a31dd,0-آثارنا المنهوبة_25.pdf,54,,287.25,281.8
0-آثارنا المنهوبة_25_p055_img005.png,0-آثارنا المنهوبة_25_p055_7d7995f7,0-آثارنا المنهوبة_25.pdf,55,,291.85,283.77
0-آثارنا المنهوبة_25_p056_img005.png,0-آثارنا المنهوبة_25_p056_dc2f7b3e,0-آثارنا المنهوبة_25.pdf,56,,297.8,297.55
0-آثارنا المنهوبة_25_p057_img005.png,0-آثارنا المنهوبة_25_p057_4b2bc103,0-آثارنا المنهوبة_25.pdf,57,,290.1,291.47
0-آثارنا المنهوبة_25_p058_img005.png,0-آثارنا المنهوبة_25_p058_9c26a93f,0-آثارنا المنهوبة_25.pdf,58,,281.52,300.25
0-آثارنا المنهوبة_25_p059_img005.png,0-آثارنا المنهوبة_25_p059_4de81847,0-آثارنا المنهوبة_25.pdf,59,,285.93,298.57
0-آثارنا المنهوبة_25_p060_img005.png,0-آثارنا المنهوبة_25_p060_d921748e,0-آثارنا المنهوبة_25.pdf,60,,288.15,297.35
0-آثارنا المنهوبة_25_p061_img005.png,0-آثارنا المنهوبة_25_p061_d7091d94,0-آثارنا المنهوبة_25.pdf,61,,291.15,290.5
0-آثارنا المنهوبة_25_p062_img005.png,0-آثارنا المنهوبة_25_p062_6e84de98,0-آثارنا المنهوبة_25.pdf,62,,286.95,300.25
0-آثارنا المنهوبة_25_p063_img005.png,0-آثارنا المنهوبة_25_p063_c1d108c1,0-آثارنا المنهوبة_25.pdf,63,,287.93,308.17
0-آثارنا المنهوبة_25_p064_img005.png,0-آثارنا المنهوبة_25_p064_f6ce2f73,0-آثارنا المنهوبة_25.pdf,64,,294.45,288.92
0-آثارنا المنهوبة_25_p065_img005.png,0-آثارنا المنهوبة_25_p065_816507df,0-آثارنا المنهوبة_25.pdf,65,,296.97,284.47
0-آثارنا المنهوبة_25_p066_img005.png,0-آثارنا المنهوبة_25_p066_7c445bf9,0-آثارنا المنهوبة_25.pdf,66,,287.73,298.07
0-آثارنا المنهوبة_25_p067_img005.png,0-آثارنا المنهوبة_25_p067_31aa95b1,0-آثارنا المنهوبة_25.pdf,67,,284.15,278.32
0-آثارنا المنهوبة_25_p068_img005.png,0-آثارنا المنهوبة_25_p068_2be803ae,0-آثارنا المنهوبة_25.pdf,68,,287.28,263.52
0-آثارنا المنهوبة_25_p069_img005.png,0-آثارنا المنهوبة_25_p069_9ad36b3a,0-آثارنا المنهوبة_25.pdf,69,,284.8,334.3
0-آثارنا المنهوبة_25_p070_img005.png,0-آثارنا المنهوبة_25_p070_8aeba613,0-آثارنا المنهوبة_25.pdf,70,,286.2,323.75
0-آثارنا المنهوبة_25_p071_img005.png,0-آثارنا المنهوبة_25_p071_6a058638,0-آثارنا المنهوبة_25.pdf,71,,290.7,309.47
0-آثارنا المنهوبة_25_p072_img005.png,0-آثارنا المنهوبة_25_p072_9919924b,0-آثارنا المنهوبة_25.pdf,72,,290.17,318.17
0-آثارنا المنهوبة_25_p073_img005.png,0-آثارنا المنهوبة_25_p073_ccc96b0e,0-آثارنا المنهوبة_25.pdf,73,,291.2,313.35
0-آثارنا المنهوبة_25_p074_img005.png,0-آثارنا المنهوبة_25_p074_35a83904,0-آثارنا المنهوبة_25.pdf,74,,285.65,327.25
0-آثارنا المنهوبة_25_p075_img005.png,0-آثارنا المنهوبة_25_p075_ed367d40,0-آثارنا المنهوبة_25.pdf,75,,286.58,316.1
0-آثارنا المنهوبة_25_p076_img005.png,0-آثارنا المنهوبة_25_p076_f2310d70,0-آثارنا المنهوبة_25.pdf,76,,286.67,320.9
0-آثارنا المنهوبة_25_p077_img005.png,0-آثارنا المنهوبة_25_p077_5321dc89,0-آثارنا المنهوبة_25.pdf,77,,285.38,293.47
0-آثارنا المنهوبة_25_p078_img005.png,0-آثارنا المنهوبة_25_p078_96776234,0-آثارنا المنهوبة_25.pdf,78,,291.82,305.45
0-آثارنا المنهوبة_25_p079_img005.png,0-آثارنا المنهوبة_25_p079_49144713,0-آثارنا المنهوبة_25.pdf,79,,287.17,301.55
0-آثارنا المنهوبة_25_p080_img005.png,0-آثارنا المنهوبة_25_p080_bee8a24e,0-آثارنا المنهوبة_25.pdf,80,,287.23,297.62
0-آثارنا المنهوبة_25_p081_img005.png,0-آثارنا المنهوبة_25_p081_07788e5d,0-آثارنا المنهوبة_25.pdf,81,,296.69,269.27
0-آثارنا المنهوبة_25_p082_img005.png,0-آثارنا المنهوبة_25_p082_810269e6,0-آثارنا المنهوبة_25.pdf,82,,297.88,331.45
0-آثارنا المنهوبة_25_p083_img005.png,0-آثارنا المنهوبة_25_p083_06963053,0-آثارنا المنهوبة_25.pdf,83,,280.93,315.79
0-آثارنا المنهوبة_25_p084_img005.png,0-آثارنا المنهوبة_25_p084_712079d1,0-آثارنا المنهوبة_25.pdf,84,,283.93,306.1
0-آثارنا المنهوبة_25_p085_img005.png,0-آثارنا المنهوبة_25_p085_f13f7dbe,0-آثارنا المنهوبة_25.pdf,85,,284.08,231.37
0-آثارنا المنهوبة_25_p085_img006.png,0-آثارنا المنهوبة_25_p085_f13f7dbe,0-آثارنا المنهوبة_25.pdf,85,,284.25,367.71
0-آثارنا المنهوبة_25_p086_img005.png,0-آثارنا المنهوبة_25_p086_d1991843,0-آثارنا المنهوبة_25.pdf,86,,283.98,300.27
0-آثارنا المنهوبة_25_p087_img005.png,0-آثارنا المنهوبة_25_p087_a80eaa61,0-آثارنا المنهوبة_25.pdf,87,,288.35,322.6
0-آثارنا المنهوبة_25_p088_img005.png,0-آثارنا المنهوبة_25_p088_83fc102a,0-آثارنا المنهوبة_25.pdf,88,,282.85,308.75
0-آثارنا المنهوبة_25_p089_img005.png,0-آثارنا المنهوبة_25_p089_96db7973,0-آثارنا المنهوبة_25.pdf,89,,293.97,318.35
0-آثارنا المنهوبة_25_p090_img005.png,0-آثارنا المنهوبة_25_p090_98c5db64,0-آثارنا المنهوبة_25.pdf,90,,282.4,352.85
0-آثارنا المنهوبة_25_p091_img005.png,0-آثارنا المنهوبة_25_p091_798e2234,0-آثارنا المنهوبة_25.pdf,91,,286.0,306.55
0-آثارنا المنهوبة_25_p092_img005.png,0-آثارنا المنهوبة_25_p092_aac8e3f9,0-آثارنا المنهوبة_25.pdf,92,,356.93,298.62
0-آثارنا المنهوبة_25_p092_img006.png,0-آثارنا المنهوبة_25_p092_aac8e3f9,0-آثارنا المنهوبة_25.pdf,92,,179.53,298.3
0-آثارنا المنهوبة_25_p093_img005.png,0-آثارنا المنهوبة_25_p093_28b41208,0-آثارنا المنهوبة_25.pdf,93,,386.18,266.02
0-آثارنا المنهوبة_25_p093_img006.png,0-آثارنا المنهوبة_25_p093_28b41208,0-آثارنا المنهوبة_25.pdf,93,,190.62,265.12
0-آثارنا المنهوبة_25_p094_img005.png,0-آثارنا المنهوبة_25_p094_3329b4f9,0-آثارنا المنهوبة_25.pdf,94,,195.05,332.35
0-آثارنا المنهوبة_25_p094_img006.png,0-آثارنا المنهوبة_25_p094_3329b4f9,0-آثارنا المنهوبة_25.pdf,94,,381.8,332.35
0-آثارنا المنهوبة_25_p095_img005.png,0-آثارنا المنهوبة_25_p095_9ee6e6c7,0-آثارنا المنهوبة_25.pdf,95,,287.15,276.62
0-آثارنا المنهوبة_25_p096_img005.png,0-آثارنا المنهوبة_25_p096_ca1b4fa3,0-آثارنا المنهوبة_25.pdf,96,,276.07,311.35
0-آثارنا المنهوبة_25_p097_img005.png,0-آثارنا المنهوبة_25_p097_d944cef5,0-آثارنا المنهوبة_25.pdf,97,,284.25,323.77
0-آثارنا المنهوبة_25_p098_img005.png,0-آثارنا المنهوبة_25_p098_049174ca,0-آثارنا المنهوبة_25.pdf,98,,292.57,324.78
0-آثارنا المنهوبة_27_p001_img003.png,0-آثارنا المنهوبة_27_p001_ae3c3206,0-آثارنا المنهوبة_27.pdf,1,,287.94,210.3
0-آثارنا المنهوبة_27_p002_img003.png,0-آثارنا المنهوبة_27_p002_4744b7df,0-آثارنا المنهوبة_27.pdf,2,,287.94,210.06
0-آثارنا المنهوبة_27_p002_img004.png,0-آثارنا المنهوبة_27_p002_e74b2fa9,0-آثارنا المنهوبة_27.pdf,2,,288.0,551.28
0-آثارنا المنهوبة_27_p003_img004.png,0-آثارنا المنهوبة_27_p003_e0970334,0-آثارنا المنهوبة_27.pdf,3,,287.88,551.22
0-آثارنا المنهوبة_27_p005_img003.png,0-آثارنا المنهوبة_27_p005_51eafa0f,0-آثارنا المنهوبة_27.pdf,5,,287.94,210.12
0-آثارنا المنهوبة_27_p005_img004.png,0-آثارنا المنهوبة_27_p005_db54fdcc,0-آثارنا المنهوبة_27.pdf,5,,288.0,551.22
0-آثارنا المنهوبة_27_p006_img003.png,0-آثارنا المنهوبة_27_p006_37e55aac,0-آثارنا المنهوبة_27.pdf,6,,287.94,210.06
0-آثارنا المنهوبة_27_p007_img003.png,0-آثارنا المنهوبة_27_p007_0be764a8,0-آثارنا المنهوبة_27.pdf,7,,287.94,210.12
0-آثارنا المنهوبة_27_p007_img004.png,0-آثارنا المنهوبة_27_p007_d7f0b86a,0-آثارنا المنهوبة_27.pdf,7,,287.94,551.22
0-آثارنا المنهوبة_27_p008_img003.png,0-آثارنا المنهوبة_27_p008_55ba901f,0-آثارنا المنهوبة_27.pdf,8,,287.94,210.12
0-آثارنا المنهوبة_27_p008_img004.png,0-آثارنا المنهوبة_27_p008_2b0404eb,0-آثارنا المنهوبة_27.pdf,8,,287.88,551.28
0-آثارنا المنهوبة_27_p009_img004.png,0-آثارنا المنهوبة_27_p009_e2d17687,0-آثارنا المنهوبة_27.pdf,9,,287.94,551.28
0-آثارنا المنهوبة_27_p010_img004.png,0-آثارنا المنهوبة_27_p010_4fcb47d1,0-آثارنا المنهوبة_27.pdf,10,,287.94,551.28
0-آثارنا المنهوبة_27_p011_img003.png,0-آثارنا المنهوبة_27_p011_10999c49,0-آثارنا المنهوبة_27.pdf,11,,287.94,210.06
0-آثارنا المنهوبة_27_p011_img004.png,0-آثارنا المنهوبة_27_p011_3c96aeb0,0-آثارنا المنهوبة_27.pdf,11,,287.94,551.22
0-آثارنا المنهوبة_27_p012_img003.png,0-آثارنا المنهوبة_27_p012_9307d3e7,0-آثارنا المنهوبة_27.pdf,12,,287.94,210.06
0-آثارنا المنهوبة_27_p012_img004.png,0-آثارنا المنهوبة_27_p012_064e60ba,0-آثارنا المنهوبة_27.pdf,12,,288.0,551.28
0-آثارنا المنهوبة_27_p013_img003.png,0-آثارنا المنهوبة_27_p013_5569687b,0-آثارنا المنهوبة_27.pdf,13,,287.94,210.06
0-آثارنا المنهوبة_27_p013_img004.png,0-آثارنا المنهوبة_27_p013_93d2983e,0-آثارنا المنهوبة_27.pdf,13,,287.94,551.28
0-آثارنا المنهوبة_27_p014_img003.png,0-آثارنا المنهوبة_27_p014_f6b0815e,0-آثارنا المنهوبة_27.pdf,14,,287.94,210.06
0-آثارنا المنهوبة_27_p014_img004.png,0-آثارنا المنهوبة_27_p014_77286d5c,0-آثارنا المنهوبة_27.pdf,14,,287.94,551.22
0-آثارنا المنهوبة_27_p015_img003.png,0-آثارنا المنهوبة_27_p015_c44722ed,0-آثارنا المنهوبة_27.pdf,15,,287.94,210.06
0-آثارنا المنهوبة_27_p015_img004.png,0-آثارنا المنهوبة_27_p015_71423dff,0-آثارنا المنهوبة_27.pdf,15,,287.94,551.28
0-آثارنا المنهوبة_27_p016_img003.png,0-آثارنا المنهوبة_27_p016_cd35f9bf,0-آثارنا المنهوبة_27.pdf,16,,287.94,210.06
0-آثارنا المنهوبة_27_p016_img004.png,0-آثارنا المنهوبة_27_p016_cdf3e3c1,0-آثارنا المنهوبة_27.pdf,16,,287.94,551.28
0-آثارنا المنهوبة_27_p017_img003.png,0-آثارنا المنهوبة_27_p017_6589c853,0-آثارنا المنهوبة_27.pdf,17,,287.94,210.12
0-آثارنا المنهوبة_27_p017_img004.png,0-آثارنا المنهوبة_27_p017_8d2c2bc8,0-آثارنا المنهوبة_27.pdf,17,,287.94,551.28
0-آثارنا المنهوبة_27_p018_img003.png,0-آثارنا المنهوبة_27_p018_4b75eb3f,0-آثارنا المنهوبة_27.pdf,18,,287.94,210.06
0-آثارنا المنهوبة_27_p018_img004.png,0-آثارنا المنهوبة_27_p018_17eab0ad,0-آثارنا المنهوبة_27.pdf,18,,287.88,551.22
0-آثارنا المنهوبة_27_p019_img003.png,0-آثارنا المنهوبة_27_p019_91eb6ef8,0-آثارنا المنهوبة_27.pdf,19,,287.94,210.06
0-آثارنا المنهوبة_27_p019_img004.png,0-آثارنا المنهوبة_27_p019_aeb35159,0-آثارنا المنهوبة_27.pdf,19,,288.0,551.22
0-آثارنا المنهوبة_27_p020_img003.png,0-آثارنا المنهوبة_27_p020_1d7e03ef,0-آثارنا المنهوبة_27.pdf,20,,287.88,210.06
0-آثارنا المنهوبة_27_p020_img004.png,0-آثارنا المنهوبة_27_p020_f496e530,0-آثارنا المنهوبة_27.pdf,20,,287.94,551.28
0-آثارنا المنهوبة_27_p021_img003.png,0-آثارنا المنهوبة_27_p021_27fbc509,0-آثارنا المنهوبة_27.pdf,21,,288.0,210.06
0-آثارنا المنهوبة_27_p021_img004.png,0-آثارنا المنهوبة_27_p021_8f9b970c,0-آثارنا المنهوبة_27.pdf,21,,287.94,551.28
0-آثارنا المنهوبة_27_p022_img003.png,0-آثارنا المنهوبة_27_p022_77352742,0-آثارنا المنهوبة_27.pdf,22,,287.94,210.06
0-آثارنا المنهوبة_27_p022_img004.png,0-آثارنا المنهوبة_27_p022_77c4c0c3,0-آثارنا المنهوبة_27.pdf,22,,287.88,551.22
0-آثارنا المنهوبة_27_p023_img003.png,0-آثارنا المنهوبة_27_p023_f3c1d9ac,0-آثارنا المنهوبة_27.pdf,23,,288.0,210.06
0-آثارنا المنهوبة_27_p023_img004.png,0-آثارنا المنهوبة_27_p023_8acec1fa,0-آثارنا المنهوبة_27.pdf,23,,287.94,551.22
0-آثارنا المنهوبة_28_p001_img005.png,0-آثارنا المنهوبة_28_p001_aeebab61,0-آثارنا المنهوبة_28.pdf,1,,295.29,255.05
0-آثارنا المنهوبة_28_p002_img005.png,0-آثارنا المنهوبة_28_p002_c27fb803,0-آثارنا المنهوبة_28.pdf,2,,309.15,263.59
0-آثارنا المنهوبة_28_p003_img005.png,0-آثارنا المنهوبة_28_p003_78e2c05b,0-آثارنا المنهوبة_28.pdf,3,,332.83,248.2
0-آثارنا المنهوبة_28_p004_img006.png,0-آثارنا المنهوبة_28_p004_558dd6e7,0-آثارنا المنهوبة_28.pdf,4,,385.65,278.92
0-آثارنا المنهوبة_28_p004_img009.png,0-آثارنا المنهوبة_28_p004_558dd6e7,0-آثارنا المنهوبة_28.pdf,4,,220.7,356.52
0-آثارنا المنهوبة_28_p005_img005.png,0-آثارنا المنهوبة_28_p005_0ecce4f0,0-آثارنا المنهوبة_28.pdf,5,,413.72,265.49
0-آثارنا المنهوبة_28_p005_img006.png,0-آثارنا المنهوبة_28_p005_0ecce4f0,0-آثارنا المنهوبة_28.pdf,5,,204.6,265.28
0-آثارنا المنهوبة_28_p006_img005.png,0-آثارنا المنهوبة_28_p006_b6ac7e93,0-آثارنا المنهوبة_28.pdf,6,,309.14,281.57
0-آثارنا المنهوبة_28_p007_img005.png,0-آثارنا المنهوبة_28_p007_7f5ed1e5,0-آثارنا المنهوبة_28.pdf,7,,276.24,219.15
0-آثارنا المنهوبة_28_p008_img005.png,0-آثارنا المنهوبة_28_p008_fefb8c59,0-آثارنا المنهوبة_28.pdf,8,,309.05,300.74
0-آثارنا المنهوبة_28_p009_img005.png,0-آثارنا المنهوبة_28_p009_d94e3f6b,0-آثارنا المنهوبة_28.pdf,9,,309.0,337.11
0-آثارنا المنهوبة_28_p010_img005.png,0-آثارنا المنهوبة_28_p010_29618710,0-آثارنا المنهوبة_28.pdf,10,,314.45,311.33
0-آثارنا المنهوبة_28_p011_img005.png,0-آثارنا المنهوبة_28_p011_41cdbb52,0-آثارنا المنهوبة_28.pdf,11,,301.62,274.73
0-آثارنا المنهوبة_28_p012_img005.png,0-آثارنا المنهوبة_28_p012_b3929ea9,0-آثارنا المنهوبة_28.pdf,12,,314.7,251.61
0-آثارنا المنهوبة_28_p013_img005.png,0-آثارنا المنهوبة_28_p013_e319240e,0-آثارنا المنهوبة_28.pdf,13,,316.55,233.97
0-آثارنا المنهوبة_28_p014_img005.png,0-آثارنا المنهوبة_28_p014_9cb4bd60,0-آثارنا المنهوبة_28.pdf,14,,314.47,253.3
0-آثارنا المنهوبة_28_p015_img005.png,0-آثارنا المنهوبة_28_p015_b3fce614,0-آثارنا المنهوبة_28.pdf,15,,309.06,293.45
0-آثارنا المنهوبة_28_p016_img005.png,0-آثارنا المنهوبة_28_p016_ad4f06b4,0-آثارنا المنهوبة_28.pdf,16,,309.16,294.03
0-آثارنا المنهوبة_28_p017_img005.png,0-آثارنا المنهوبة_28_p017_858a7c97,0-آثارنا المنهوبة_28.pdf,17,,314.35,294.35
0-آثارنا المنهوبة_28_p018_img005.png,0-آثارنا المنهوبة_28_p018_d4b589f5,0-آثارنا المنهوبة_28.pdf,18,,309.1,310.01
0-آثارنا المنهوبة_28_p019_img005.png,0-آثارنا المنهوبة_28_p019_9b221f0b,0-آثارنا المنهوبة_28.pdf,19,,309.01,281.02
0-آثارنا المنهوبة_28_p020_img005.png,0-آثارنا المنهوبة_28_p020_c57aa05d,0-آثارنا المنهوبة_28.pdf,20,,309.05,292.49
0-آثارنا المنهوبة_28_p021_img005.png,0-آثارنا المنهوبة_28_p021_0c783b35,0-آثارنا المنهوبة_28.pdf,21,,309.07,256.8
0-آثارنا المنهوبة_28_p022_img005.png,0-آثارنا المنهوبة_28_p022_99257637,0-آثارنا المنهوبة_28.pdf,22,,324.35,285.73
0-آثارنا المنهوبة_28_p023_img005.png,0-آثارنا المنهوبة_28_p023_104b6c2c,0-آثارنا المنهوبة_28.pdf,23,,309.0,280.58
0-آثارنا المنهوبة_28_p024_img005.png,0-آثارنا المنهوبة_28_p024_f072e75e,0-آثارنا المنهوبة_28.pdf,24,,309.75,275.42
0-آثارنا المنهوبة_28_p025_img005.png,0-آثارنا المنهوبة_28_p025_534a771f,0-آثارنا المنهوبة_28.pdf,25,,314.69,290.37
0-آثارنا المنهوبة_28_p026_img005.png,0-آثارنا المنهوبة_28_p026_000f38f3,0-آثارنا المنهوبة_28.pdf,26,,309.08,251.45
0-آثارنا المنهوبة_28_p027_img005.png,0-آثارنا المنهوبة_28_p027_49196eb4,0-آثارنا المنهوبة_28.pdf,27,,309.13,286.45
0-آثارنا المنهوبة_28_p028_img005.png,0-آثارنا المنهوبة_28_p028_76ccf6a0,0-آثارنا المنهوبة_28.pdf,28,,308.82,339.47
0-آثارنا المنهوبة_28_p029_img005.png,0-آثارنا المنهوبة_28_p029_e567a978,0-آثارنا المنهوبة_28.pdf,29,,295.08,257.81
0-آثارنا المنهوبة_28_p030_img005.png,0-آثارنا المنهوبة_28_p030_c03ab137,0-آثارنا المنهوبة_28.pdf,30,,304.48,287.3
0-آثارنا المنهوبة_28_p031_img005.png,0-آثارنا المنهوبة_28_p031_19978641,0-آثارنا المنهوبة_28.pdf,31,,297.34,330.15
0-آثارنا المنهوبة_2_p001_img003.png,0-آثارنا المنهوبة_2_p001_b913436d,0-آثارنا المنهوبة_2.pdf,1,,179.33,250.12
0-آثارنا المنهوبة_2_p001_img004.png,0-آثارنا المنهوبة_2_p001_7b928cc0,0-آثارنا المنهوبة_2.pdf,1,,182.5,454.38
0-آثارنا المنهوبة_2_p001_img005.png,0-آثارنا المنهوبة_2_p001_9ac8569e,0-آثارنا المنهوبة_2.pdf,1,,192.5,656.5
0-آثارنا المنهوبة_2_p002_img004.png,0-آثارنا المنهوبة_2_p002_4d51bd78,0-آثارنا المنهوبة_2.pdf,2,,231.57,257.52
0-آثارنا المنهوبة_2_p002_img005.png,0-آثارنا المنهوبة_2_p002_4d51bd78,0-آثارنا المنهوبة_2.pdf,2,,101.85,244.79
0-آثارنا المنهوبة_2_p002_img006.png,0-آثارنا المنهوبة_2_p002_4cbe0291,0-آثارنا المنهوبة_2.pdf,2,,247.5,479.87
0-آثارنا المنهوبة_2_p002_img007.png,0-آثارنا المنهوبة_2_p002_5d0e75cf,0-آثارنا المنهوبة_2.pdf,2,,188.5,697.74
0-آثارنا المنهوبة_2_p003_img003.png,0-آثارنا المنهوبة_2_p003_98fdfa65,0-آثارنا المنهوبة_2.pdf,3,,180.26,237.52
0-آثارنا المنهوبة_2_p003_img004.png,0-آثارنا المنهوبة_2_p003_ad65ece3,0-آثارنا المنهوبة_2.pdf,3,,172.45,456.42
0-آثارنا المنهوبة_2_p003_img005.png,0-آثارنا المنهوبة_2_p003_bfdffd53,0-آثارنا المنهوبة_2.pdf,3,,170.8,669.52
0-آثارنا المنهوبة_2_p004_img003.png,0-آثارنا المنهوبة_2_p004_a1e8f091,0-آثارنا المنهوبة_2.pdf,4,,157.75,445.0
0-آثارنا المنهوبة_2_p004_img004.png,0-آثارنا المنهوبة_2_p004_5c0ce4f2,0-آثارنا المنهوبة_2.pdf,4,,173.95,233.19
0-آثارنا المنهوبة_2_p004_img005.png,0-آثارنا المنهوبة_2_p004_c5ef7ed9,0-آثارنا المنهوبة_2.pdf,4,,139.05,695.52
0-آثارنا المنهوبة_2_p005_img003.png,0-آثارنا المنهوبة_2_p005_dd3f3e0d,0-آثارنا المنهوبة_2.pdf,5,,197.88,226.77
0-آثارنا المنهوبة_2_p005_img004.png,0-آثارنا المنهوبة_2_p005_2c9897b0,0-آثارنا المنهوبة_2.pdf,5,,184.12,469.35
0-آثارنا المنهوبة_2_p005_img008.png,0-آثارنا المنهوبة_2_p005_9c02fdd2,0-آثارنا المنهوبة_2.pdf,5,,129.2,622.22
0-آثارنا المنهوبة_2_p005_img009.png,0-آثارنا المنهوبة_2_p005_9c02fdd2,0-آثارنا المنهوبة_2.pdf,5,,255.8,615.62
0-آثارنا المنهوبة_2_p005_img010.png,0-آثارنا المنهوبة_2_p005_9c02fdd2,0-آثارنا المنهوبة_2.pdf,5,,184.7,689.72
0-آثارنا المنهوبة_2_p006_img003.png,0-آثارنا المنهوبة_2_p006_66ae42d6,0-آثارنا المنهوبة_2.pdf,6,,181.02,474.25
0-آثارنا المنهوبة_2_p006_img004.png,0-آثارنا المنهوبة_2_p006_936cf0b5,0-آثارنا المنهوبة_2.pdf,6,,184.48,247.42
0-آثارنا المنهوبة_2_p006_img005.png,0-آثارنا المنهوبة_2_p006_757ffc98,0-آثارنا المنهوبة_2.pdf,6,,184.5,672.09
0-آثارنا المنهوبة_2_p007_img003.png,0-آثارنا المنهوبة_2_p007_3f4b534f,0-آثارنا المنهوبة_2.pdf,7,,188.1,241.52
0-آثارنا المنهوبة_2_p007_img004.png,0-آثارنا المنهوبة_2_p007_1052266d,0-آثارنا المنهوبة_2.pdf,7,,191.85,557.3
0-آثارنا المنهوبة_3_p001_img003.png,0-آثارنا المنهوبة_3_p001_618d8aa0,0-آثارنا المنهوبة_3.pdf,1,,140.3,470.12
0-آثارنا المنهوبة_3_p001_img004.png,0-آثارنا المنهوبة_3_p001_a0a4574c,0-آثارنا المنهوبة_3.pdf,1,,153.75,675.22
0-آثارنا المنهوبة_3_p001_img005.png,0-آثارنا المنهوبة_3_p001_42fde02a,0-آثارنا المنهوبة_3.pdf,1,,141.03,227.06
0-آثارنا المنهوبة_3_p002_img003.png,0-آثارنا المنهوبة_3_p002_d12a04b2,0-آثارنا المنهوبة_3.pdf,2,,170.62,234.58
0-آثارنا المنهوبة_3_p002_img005.png,0-آثارنا المنهوبة_3_p002_1a5f1c12,0-آثارنا المنهوبة_3.pdf,2,,165.52,459.6
0-آثارنا المنهوبة_3_p002_img006.png,0-آثارنا المنهوبة_3_p002_915f506a,0-آثارنا المنهوبة_3.pdf,2,,143.5,627.57
0-آثارنا المنهوبة_3_p003_img003.png,0-آثارنا المنهوبة_3_p003_848be7f7,0-آثارنا المنهوبة_3.pdf,3,,160.2,485.62
0-آثارنا المنهوبة_3_p003_img004.png,0-آثارنا المنهوبة_3_p003_cf5bca02,0-آثارنا المنهوبة_3.pdf,3,,189.23,687.6
0-آثارنا المنهوبة_3_p003_img005.png,0-آثارنا المنهوبة_3_p003_38bfbdc5,0-آثارنا المنهوبة_3.pdf,3,,168.64,253.57
0-آثارنا المنهوبة_3_p004_img003.png,0-آثارنا المنهوبة_3_p004_5ef6ffd7,0-آثارنا المنهوبة_3.pdf,4,,177.4,233.05
0-آثارنا المنهوبة_3_p004_img004.png,0-آثارنا المنهوبة_3_p004_6795d5f6,0-آثارنا المنهوبة_3.pdf,4,,178.43,673.97
0-آثارنا المنهوبة_3_p004_img005.png,0-آثارنا المنهوبة_3_p004_5116fbcb,0-آثارنا المنهوبة_3.pdf,4,,173.38,449.57
0-آثارنا المنهوبة_3_p005_img003.png,0-آثارنا المنهوبة_3_p005_ffacbcbf,0-آثارنا المنهوبة_3.pdf,5,,168.85,461.0
0-آثارنا المنهوبة_3_p005_img007.png,0-آثارنا المنهوبة_3_p005_7bdae03b,0-آثارنا المنهوبة_3.pdf,5,,177.98,262.49
0-آثارنا المنهوبة_3_p006_img003.png,0-آثارنا المنهوبة_3_p006_1e6f005d,0-آثارنا المنهوبة_3.pdf,6,,244.07,461.8
0-آثارنا المنهوبة_3_p006_img004.png,0-آثارنا المنهوبة_3_p006_6776a924,0-آثارنا المنهوبة_3.pdf,6,,121.9,449.05
0-آثارنا المنهوبة_3_p006_img005.png,0-آثارنا المنهوبة_3_p006_1e6f005d,0-آثارنا المنهوبة_3.pdf,6,,165.0,670.6
0-آثارنا المنهوبة_3_p006_img006.png,0-آثارنا المنهوبة_3_p006_c0a37d7a,0-آثارنا المنهوبة_3.pdf,6,,177.88,251.29
0-آثارنا المنهوبة_3_p007_img003.png,0-آثارنا المنهوبة_3_p007_27e6fe0d,0-آثارنا المنهوبة_3.pdf,7,,160.2,268.15
0-آثارنا المنهوبة_3_p007_img004.png,0-آثارنا المنهوبة_3_p007_90f51d13,0-آثارنا المنهوبة_3.pdf,7,,170.57,554.17
0-آثارنا المنهوبة_4_p001_img003.png,0-آثارنا المنهوبة_4_p001_27d081fd,0-آثارنا المنهوبة_4.pdf,1,,314.72,187.29
0-آثارنا المنهوبة_4_p001_img004.png,0-آثارنا المنهوبة_4_p001_4436bf38,0-آثارنا المنهوبة_4.pdf,1,,292.0,522.41
0-آثارنا المنهوبة_4_p002_img003.png,0-آثارنا المنهوبة_4_p002_25e64c16,0-آثارنا المنهوبة_4.pdf,2,,316.0,233.1
0-آثارنا المنهوبة_4_p002_img004.png,0-آثارنا المنهوبة_4_p002_06d55388,0-آثارنا المنهوبة_4.pdf,2,,300.6,537.86
0-آثارنا المنهوبة_4_p003_img003.png,0-آثارنا المنهوبة_4_p003_54637cdc,0-آثارنا المنهوبة_4.pdf,3,,311.4,238.97
0-آثارنا المنهوبة_4_p004_img003.png,0-آثارنا المنهوبة_4_p004_44b0f2d6,0-آثارنا المنهوبة_4.pdf,4,,309.6,229.07
0-آثارنا المنهوبة_4_p005_img003.png,0-آثارنا المنهوبة_4_p005_65368b4e,0-آثارنا المنهوبة_4.pdf,5,,294.95,242.02
0-آثارنا المنهوبة_4_p005_img004.png,0-آثارنا المنهوبة_4_p005_84a0ac5e,0-آثارنا المنهوبة_4.pdf,5,,300.05,576.01
0-آثارنا المنهوبة_4_p006_img003.png,0-آثارنا المنهوبة_4_p006_e4581251,0-آثارنا المنهوبة_4.pdf,6,,311.15,218.07
0-آثارنا المنهوبة_4_p006_img004.png,0-آثارنا المنهوبة_4_p006_c70aabec,0-آثارنا المنهوبة_4.pdf,6,,308.77,561.47
0-آثارنا المنهوبة_4_p007_img003.png,0-آثارنا المنهوبة_4_p007_132cc91e,0-آثارنا المنهوبة_4.pdf,7,,300.98,228.24
0-آثارنا المنهوبة_4_p008_img003.png,0-آثارنا المنهوبة_4_p008_9905cdb4,0-آثارنا المنهوبة_4.pdf,8,,301.49,230.64
0-آثارنا المنهوبة_4_p009_img003.png,0-آثارنا المنهوبة_4_p009_90e33534,0-آثارنا المنهوبة_4.pdf,9,,323.6,217.3
0-آثارنا المنهوبة_4_p009_img004.png,0-آثارنا المنهوبة_4_p009_6c2e0f24,0-آثارنا المنهوبة_4.pdf,9,,295.5,547.49
0-آثارنا المنهوبة_4_p010_img003.png,0-آثارنا المنهوبة_4_p010_a7693691,0-آثارنا المنهوبة_4.pdf,10,,304.6,557.43
0-آثارنا المنهوبة_4_p010_img004.png,0-آثارنا المنهوبة_4_p010_469326ea,0-آثارنا المنهوبة_4.pdf,10,,318.9,223.97
0-آثارنا المنهوبة_4_p011_img003.png,0-آثارنا المنهوبة_4_p011_1d3c0b89,0-آثارنا المنهوبة_4.pdf,11,,296.4,212.21
0-آثارنا المنهوبة_4_p011_img004.png,0-آثارنا المنهوبة_4_p011_cca5589b,0-آثارنا المنهوبة_4.pdf,11,,309.95,538.28
0-آثارنا المنهوبة_5_p001_img003.png,0-آثارنا المنهوبة_5_p001_9cc546a5,0-آثارنا المنهوبة_5.pdf,1,,311.15,561.33
0-آثارنا المنهوبة_5_p001_img004.png,0-آثارنا المنهوبة_5_p001_6d116178,0-آثارنا المنهوبة_5.pdf,1,,320.85,220.46
0-آثارنا المنهوبة_5_p002_img003.png,0-آثارنا المنهوبة_5_p002_ff306543,0-آثارنا المنهوبة_5.pdf,2,,308.25,572.12
0-آثارنا المنهوبة_5_p002_img004.png,0-آثارنا المنهوبة_5_p002_883e543c,0-آثارنا المنهوبة_5.pdf,2,,309.95,220.53
0-آثارنا المنهوبة_5_p003_img003.png,0-آثارنا المنهوبة_5_p003_5f667732,0-آثارنا المنهوبة_5.pdf,3,,308.1,216.47
0-آثارنا المنهوبة_5_p003_img004.png,0-آثارنا المنهوبة_5_p003_0a6629b7,0-آثارنا المنهوبة_5.pdf,3,,299.53,570.25
0-آثارنا المنهوبة_5_p004_img003.png,0-آثارنا المنهوبة_5_p004_a120f029,0-آثارنا المنهوبة_5.pdf,4,,317.48,210.65
0-آثارنا المنهوبة_5_p004_img004.png,0-آثارنا المنهوبة_5_p004_b5ff189c,0-آثارنا المنهوبة_5.pdf,4,,296.08,573.99
0-آثارنا المنهوبة_5_p005_img003.png,0-آثارنا المنهوبة_5_p005_882c4e9e,0-آثارنا المنهوبة_5.pdf,5,,298.45,221.98
0-آثارنا المنهوبة_5_p005_img004.png,0-آثارنا المنهوبة_5_p005_a2429582,0-آثارنا المنهوبة_5.pdf,5,,284.36,694.54
0-آثارنا المنهوبة_5_p006_img003.png,0-آثارنا المنهوبة_5_p006_95a38b81,0-آثارنا المنهوبة_5.pdf,6,,227.62,566.99
0-آثارنا المنهوبة_5_p006_img004.png,0-آثارنا المنهوبة_5_p006_818e1ef4,0-آثارنا المنهوبة_5.pdf,6,,306.82,214.33
0-آثارنا المنهوبة_5_p007_img003.png,0-آثارنا المنهوبة_5_p007_764a5e88,0-آثارنا المنهوبة_5.pdf,7,,265.0,549.1
0-آثارنا المنهوبة_5_p007_img004.png,0-آثارنا المنهوبة_5_p007_712e95bc,0-آثارنا المنهوبة_5.pdf,7,,284.23,198.47
0-آثارنا المنهوبة_5_p008_img003.png,0-آثارنا المنهوبة_5_p008_3ad06fef,0-آثارنا المنهوبة_5.pdf,8,,279.49,207.65
0-آثارنا المنهوبة_5_p008_img004.png,0-آثارنا المنهوبة_5_p008_678e2b28,0-آثارنا المنهوبة_5.pdf,8,,300.49,625.86
0-آثارنا المنهوبة_5_p009_img003.png,0-آثارنا المنهوبة_5_p009_e7a20612,0-آثارنا المنهوبة_5.pdf,9,,298.5,169.7
0-آثارنا المنهوبة_5_p009_img004.png,0-آثارنا المنهوبة_5_p009_16162ad0,0-آثارنا المنهوبة_5.pdf,9,,290.99,492.79
0-آثارنا المنهوبة_7_p001_img006.png,0-آثارنا المنهوبة_7_p001_5960eb81,0-آثارنا المنهوبة_7.pdf,1,,317.52,269.87
0-آثارنا المنهوبة_7_p002_img006.png,0-آثارنا المنهوبة_7_p002_6cd79c3e,0-آثارنا المنهوبة_7.pdf,2,,298.05,295.82
0-آثارنا المنهوبة_7_p003_img006.png,0-آثارنا المنهوبة_7_p003_ba0a0c53,0-آثارنا المنهوبة_7.pdf,3,,298.25,305.0
0-آثارنا المنهوبة_7_p004_img006.png,0-آثارنا المنهوبة_7_p004_d9ae2b59,0-آثارنا المنهوبة_7.pdf,4,,315.7,319.95
0-آثارنا المنهوبة_7_p005_img006.png,0-آثارنا المنهوبة_7_p005_52354a90,0-آثارنا المنهوبة_7.pdf,5,,309.65,295.75
0-آثارنا المنهوبة_7_p006_img006.png,0-آثارنا المنهوبة_7_p006_bf9a00d0,0-آثارنا المنهوبة_7.pdf,6,,304.95,292.45
0-آثارنا المنهوبة_8_p001_img006.png,0-آثارنا المنهوبة_8_p001_f26b683a,0-آثارنا المنهوبة_8.pdf,1,,188.19,282.34
0-آثارنا المنهوبة_8_p001_img007.png,0-آثارنا المنهوبة_8_p001_c66e5369,0-آثارنا المنهوبة_8.pdf,1,,162.44,602.04
0-آثارنا المنهوبة_8_p002_img006.png,0-آثارنا المنهوبة_8_p002_d50419cd,0-آثارنا المنهوبة_8.pdf,2,,170.7,287.33
0-آثارنا المنهوبة_8_p002_img007.png,0-آثارنا المنهوبة_8_p002_21b4a2f4,0-آثارنا المنهوبة_8.pdf,2,,163.16,579.99
0-آثارنا المنهوبة_8_p003_img006.png,0-آثارنا المنهوبة_8_p003_ab91b3f9,0-آثارنا المنهوبة_8.pdf,3,,164.46,271.38
0-آثارنا المنهوبة_8_p003_img007.png,0-آثارنا المنهوبة_8_p003_b920758d,0-آثارنا المنهوبة_8.pdf,3,,168.36,550.97
0-آثارنا المنهوبة_8_p004_img006.png,0-آثارنا المنهوبة_8_p004_a5213781,0-آثارنا المنهوبة_8.pdf,4,,155.13,292.87
0-آثارنا المنهوبة_8_p004_img007.png,0-آثارنا المنهوبة_8_p004_22f2ebb8,0-آثارنا المنهوبة_8.pdf,4,,157.75,564.45
0-آثارنا المنهوبة_8_p005_img006.png,0-آثارنا المنهوبة_8_p005_595f2a14,0-آثارنا المنهوبة_8.pdf,5,,173.39,587.61
0-آثارنا المنهوبة_8_p005_img007.png,0-آثارنا المنهوبة_8_p005_af87fa57,0-آثارنا المنهوبة_8.pdf,5,,177.32,308.53
0-آثارنا المنهوبة_8_p006_img006.png,0-آثارنا المنهوبة_8_p006_4489d350,0-آثارنا المنهوبة_8.pdf,6,,141.03,262.54
0-آثارنا المنهوبة_8_p006_img007.png,0-آثارنا المنهوبة_8_p006_5da4b07c,0-آثارنا المنهوبة_8.pdf,6,,146.67,541.92
0-آثارنا المنهوبة_8_p006_img008.png,0-آثارنا المنهوبة_8_p006_5da4b07c,0-آثارنا المنهوبة_8.pdf,6,,145.16,656.81
0-آثارنا المنهوبة_8_p007_img006.png,0-آثارنا المنهوبة_8_p007_d7a4f994,0-آثارنا المنهوبة_8.pdf,7,,145.86,307.91
0-آثارنا المنهوبة_8_p007_img007.png,0-آثارنا المنهوبة_8_p007_ebb4f66a,0-آثارنا المنهوبة_8.pdf,7,,141.09,633.01
0-آثارنا المنهوبة_8_p008_img006.png,0-آثارنا المنهوبة_8_p008_cb3b3ec1,0-آثارنا المنهوبة_8.pdf,8,,169.68,326.33
0-آثارنا المنهوبة_8_p008_img007.png,0-آثارنا المنهوبة_8_p008_47b84634,0-آثارنا المنهوبة_8.pdf,8,,163.44,595.0
0-آثارنا المنهوبة_8_p009_img006.png,0-آثارنا المنهوبة_8_p009_e85e45d3,0-آثارنا المنهوبة_8.pdf,9,,158.93,590.03
0-آثارنا المنهوبة_8_p009_img007.png,0-آثارنا المنهوبة_8_p009_9773bdb5,0-آثارنا المنهوبة_8.pdf,9,,172.1,285.9
0-آثارنا المنهوبة_8_p010_img006.png,0-آثارنا المنهوبة_8_p010_47ec90dd,0-آثارنا المنهوبة_8.pdf,10,,166.78,276.45
0-آثارنا المنهوبة_8_p010_img007.png,0-آثارنا المنهوبة_8_p010_15f753a9,0-آثارنا المنهوبة_8.pdf,10,,171.93,585.2
0-آثارنا المنهوبة_8_p011_img006.png,0-آثارنا المنهوبة_8_p011_63c33d25,0-آثارنا المنهوبة_8.pdf,11,,148.97,333.57
0-آثارنا المنهوبة_8_p011_img007.png,0-آثارنا المنهوبة_8_p011_5dd9ad01,0-آثارنا المنهوبة_8.pdf,11,,152.12,597.88
0-آثارنا المنهوبة_8_p012_img006.png,0-آثارنا المنهوبة_8_p012_6348a919,0-آثارنا المنهوبة_8.pdf,12,,139.86,295.15
0-آثارنا المنهوبة_8_p012_img007.png,0-آثارنا المنهوبة_8_p012_32815a90,0-آثارنا المنهوبة_8.pdf,12,,144.01,625.83
0-آثارنا المنهوبة_8_p013_img006.png,0-آثارنا المنهوبة_8_p013_ea5861da,0-آثارنا المنهوبة_8.pdf,13,,170.12,251.27
0-آثارنا المنهوبة_8_p013_img007.png,0-آثارنا المنهوبة_8_p013_239ba7f4,0-آثارنا المنهوبة_8.pdf,13,,158.66,566.58
0-آثارنا المنهوبة_8_p014_img007.png,0-آثارنا المنهوبة_8_p014_b5f5edbd,0-آثارنا المنهوبة_8.pdf,14,,452.73,300.8
0-آثارنا المنهوبة_8_p014_img008.png,0-آثارنا المنهوبة_8_p014_b5f5edbd,0-آثارنا المنهوبة_8.pdf,14,,178.8,293.01
0-آثارنا المنهوبة_8_p014_img009.png,0-آثارنا المنهوبة_8_p014_b5f5edbd,0-آثارنا المنهوبة_8.pdf,14,,445.66,547.07
0-آثارنا المنهوبة_8_p014_img010.png,0-آثارنا المنهوبة_8_p014_b5f5edbd,0-آثارنا المنهوبة_8.pdf,14,,162.64,545.4
0-آثارنا المنهوبة_8_p016_img006.png,0-آثارنا المنهوبة_8_p016_e00868fe,0-آثارنا المنهوبة_8.pdf,16,,453.32,304.4
0-آثارنا المنهوبة_8_p016_img007.png,0-آثارنا المنهوبة_8_p016_e00868fe,0-آثارنا المنهوبة_8.pdf,16,,175.11,315.14
0-آثارنا المنهوبة_8_p016_img008.png,0-آثارنا المنهوبة_8_p016_e00868fe,0-آثارنا المنهوبة_8.pdf,16,,454.21,568.74
0-آثارنا المنهوبة_8_p016_img009.png,0-آثارنا المنهوبة_8_p016_e00868fe,0-آثارنا المنهوبة_8.pdf,16,,176.76,589.5
0-آثارنا المنهوبة_8_p017_img007.png,0-آثارنا المنهوبة_8_p017_3ff6c135,0-آثارنا المنهوبة_8.pdf,17,,462.63,331.4
0-آثارنا المنهوبة_8_p017_img008.png,0-آثارنا المنهوبة_8_p017_3ff6c135,0-آثارنا المنهوبة_8.pdf,17,,134.85,326.65
0-آثارنا المنهوبة_8_p017_img009.png,0-آثارنا المنهوبة_8_p017_3ff6c135,0-آثارنا المنهوبة_8.pdf,17,,462.5,561.77
0-آثارنا المنهوبة_8_p017_img010.png,0-آثارنا المنهوبة_8_p017_3ff6c135,0-آثارنا المنهوبة_8.pdf,17,,155.22,575.97
0-آثارنا المنهوبة_9_p001_img003.png,0-آثارنا المنهوبة_9_p001_426eae9f,0-آثارنا المنهوبة_9.pdf,1,,179.17,281.44
0-آثارنا المنهوبة_9_p001_img004.png,0-آثارنا المنهوبة_9_p001_a3e073a0,0-آثارنا المنهوبة_9.pdf,1,,175.12,575.05
0-آثارنا المنهوبة_9_p002_img003.png,0-آثارنا المنهوبة_9_p002_1a892f4a,0-آثارنا المنهوبة_9.pdf,2,,172.9,290.25
0-آثارنا المنهوبة_9_p002_img004.png,0-آثارنا المنهوبة_9_p002_32ccef48,0-آثارنا المنهوبة_9.pdf,2,,178.05,579.1
0-آثارنا المنهوبة_9_p003_img003.png,0-آثارنا المنهوبة_9_p003_7360d6cf,0-آثارنا المنهوبة_9.pdf,3,,174.83,567.67
0-آثارنا المنهوبة_9_p003_img004.png,0-آثارنا المنهوبة_9_p003_fb71cc63,0-آثارنا المنهوبة_9.pdf,3,,188.68,304.42
0-آثارنا المنهوبة_9_p004_img003.png,0-آثارنا المنهوبة_9_p004_02c9ca21,0-آثارنا المنهوبة_9.pdf,4,,184.68,302.42
0-آثارنا المنهوبة_9_p004_img004.png,0-آثارنا المنهوبة_9_p004_fd688375,0-آثارنا المنهوبة_9.pdf,4,,170.38,572.32
0-آثارنا المنهوبة_9_p005_img003.png,0-آثارنا المنهوبة_9_p005_fb0d1448,0-آثارنا المنهوبة_9.pdf,5,,176.2,298.9
0-آثارنا المنهوبة_9_p005_img004.png,0-آثارنا المنهوبة_9_p005_51a53a6b,0-آثارنا المنهوبة_9.pdf,5,,173.05,596.07
0-آثارنا المنهوبة_9_p006_img003.png,0-آثارنا المنهوبة_9_p006_483eb7fe,0-آثارنا المنهوبة_9.pdf,6,,179.22,299.27
0-آثارنا المنهوبة_9_p006_img004.png,0-آثارنا المنهوبة_9_p006_7a819acb,0-آثارنا المنهوبة_9.pdf,6,,187.17,586.3
0-آثارنا المنهوبة_9_p007_img003.png,0-آثارنا المنهوبة_9_p007_4b54bb4a,0-آثارنا المنهوبة_9.pdf,7,,189.95,301.07
0-آثارنا المنهوبة_9_p007_img004.png,0-آثارنا المنهوبة_9_p007_06558941,0-آثارنا المنهوبة_9.pdf,7,,187.45,607.17
0-آثارنا المنهوبة_9_p008_img003.png,0-آثارنا المنهوبة_9_p008_30c45bc3,0-آثارنا المنهوبة_9.pdf,8,,194.77,302.55
0-آثارنا المنهوبة_9_p008_img004.png,0-آثارنا المنهوبة_9_p008_583d33bc,0-آثارنا المنهوبة_9.pdf,8,,200.45,596.3
0-آثارنا المنهوبة_9_p009_img003.png,0-آثارنا المنهوبة_9_p009_11c0ac9f,0-آثارنا المنهوبة_9.pdf,9,,189.35,288.0
0-آثارنا المنهوبة_9_p009_img004.png,0-آثارنا المنهوبة_9_p009_5cc5fc88,0-آثارنا المنهوبة_9.pdf,9,,181.52,610.3
0-آثارنا المنهوبة_9_p010_img003.png,0-آثارنا المنهوبة_9_p010_e5fd7abc,0-آثارنا المنهوبة_9.pdf,10,,190.9,292.95
0-آثارنا المنهوبة_9_p010_img004.png,0-آثارنا المنهوبة_9_p010_68bae26f,0-آثارنا المنهوبة_9.pdf,10,,194.68,546.62
0-آثارنا المنهوبة_9_p011_img003.png,0-آثارنا المنهوبة_9_p011_4d1f1a8f,0-آثارنا المنهوبة_9.pdf,11,,180.6,269.47
0-آثارنا المنهوبة_9_p011_img004.png,0-آثارنا المنهوبة_9_p011_83261db9,0-آثارنا المنهوبة_9.pdf,11,,190.38,587.17
0-آثارنا المنهوبة_9_p012_img003.png,0-آثارنا المنهوبة_9_p012_64dfc70d,0-آثارنا المنهوبة_9.pdf,12,,195.28,267.65
0-آثارنا المنهوبة_9_p012_img004.png,0-آثارنا المنهوبة_9_p012_b9dbf563,0-آثارنا المنهوبة_9.pdf,12,,200.43,553.87
29-آثارنا المنهوبة_29_p003_img002.png,29-آثارنا المنهوبة_29_p003_7f5011d0,29-آثارنا المنهوبة_29.pdf,3,,290.62,295.58
29-آثارنا المنهوبة_29_p004_img002.png,29-آثارنا المنهوبة_29_p004_f3bf4a40,29-آثارنا المنهوبة_29.pdf,4,,290.69,292.92
29-آثارنا المنهوبة_29_p005_img002.png,29-آثارنا المنهوبة_29_p005_171b8706,29-آثارنا المنهوبة_29.pdf,5,,290.71,292.85
29-آثارنا المنهوبة_29_p006_img002.png,29-آثارنا المنهوبة_29_p006_2e10c7f8,29-آثارنا المنهوبة_29.pdf,6,,290.59,292.92
29-آثارنا المنهوبة_29_p007_img002.png,29-آثارنا المنهوبة_29_p007_7e7caaac,29-آثارنا المنهوبة_29.pdf,7,,290.67,292.83
29-آثارنا المنهوبة_29_p008_img004.png,29-آثارنا المنهوبة_29_p008_6b7b1d5f,29-آثارنا المنهوبة_29.pdf,8,,290.64,292.86
29-آثارنا المنهوبة_29_p009_img004.png,29-آثارنا المنهوبة_29_p009_7271241b,29-آثارنا المنهوبة_29.pdf,9,,290.65,292.81
29-آثارنا المنهوبة_29_p010_img002.png,29-آثارنا المنهوبة_29_p010_5be255e9,29-آثارنا المنهوبة_29.pdf,10,,290.75,292.78
29-آثارنا المنهوبة_29_p012_img002.png,29-آثارنا المنهوبة_29_p012_3be85bfa,29-آثارنا المنهوبة_29.pdf,12,,290.72,292.88
29-آثارنا المنهوبة_29_p013_img002.png,29-آثارنا المنهوبة_29_p013_e21403b0,29-آثارنا المنهوبة_29.pdf,13,,290.6,292.78
29-آثارنا المنهوبة_29_p014_img002.png,29-آثارنا المنهوبة_29_p014_03a46bae,29-آثارنا المنهوبة_29.pdf,14,,290.65,292.97
29-آثارنا المنهوبة_29_p015_img003.png,29-آثارنا المنهوبة_29_p015_8511d000,29-آثارنا المنهوبة_29.pdf,15,,290.68,292.78
29-آثارنا المنهوبة_29_p016_img003.png,29-آثارنا المنهوبة_29_p016_af3517aa,29-آثارنا المنهوبة_29.pdf,16,,290.67,292.83
29-آثارنا المنهوبة_29_p017_img003.png,29-آثارنا المنهوبة_29_p017_5070c34b,29-آثارنا المنهوبة_29.pdf,17,,290.61,292.9
29-آثارنا المنهوبة_29_p018_img003.png,29-آثارنا المنهوبة_29_p018_bc655a8e,29-آثارنا المنهوبة_29.pdf,18,,290.75,292.92
29-آثارنا المنهوبة_29_p019_img003.png,29-آثارنا المنهوبة_29_p019_5186eca2,29-آثارنا المنهوبة_29.pdf,19,,290.59,292.88
29-آثارنا المنهوبة_29_p021_img003.png,29-آثارنا المنهوبة_29_p021_11b31839,29-آثارنا المنهوبة_29.pdf,21,,290.73,292.9
29-آثارنا المنهوبة_29_p022_img003.png,29-آثارنا المنهوبة_29_p022_5128b977,29-آثارنا المنهوبة_29.pdf,22,,290.63,292.83
29-آثارنا المنهوبة_29_p023_img003.png,29-آثارنا المنهوبة_29_p023_417226e7,29-آثارنا المنهوبة_29.pdf,23,,290.58,292.85
29-آثارنا المنهوبة_29_p024_img003.png,29-آثارنا المنهوبة_29_p024_96923150,29-آثارنا المنهوبة_29.pdf,24,,290.58,292.83
29-آثارنا المنهوبة_29_p025_img003.png,29-آثارنا المنهوبة_29_p025_1c7b209e,29-آثارنا المنهوبة_29.pdf,25,,290.71,292.92
29-آثارنا المنهوبة_29_p026_img003.png,29-آثارنا المنهوبة_29_p026_d4272109,29-آثارنا المنهوبة_29.pdf,26,,290.67,292.76
29-آثارنا المنهوبة_29_p027_img003.png,29-آثارنا المنهوبة_29_p027_acade4bb,29-آثارنا المنهوبة_29.pdf,27,,290.61,292.82
29-آثارنا المنهوبة_29_p028_img001.png,29-آثارنا المنهوبة_29_p028_97e3f1dd,29-آثارنا المنهوبة_29.pdf,28,,290.6,292.81
29-آثارنا المنهوبة_29_p029_img001.png,29-آثارنا المنهوبة_29_p029_83c37754,29-آثارنا المنهوبة_29.pdf,29,,290.59,292.94
29-آثارنا المنهوبة_29_p030_img001.png,29-آثارنا المنهوبة_29_p030_a7089222,29-آثارنا المنهوبة_29.pdf,30,,290.63,292.91
29-آثارنا المنهوبة_29_p031_img001.png,29-آثارنا المنهوبة_29_p031_32325489,29-آثارنا المنهوبة_29.pdf,31,,290.74,292.81
29-آثارنا المنهوبة_29_p032_img001.png,29-آثارنا المنهوبة_29_p032_175179e5,29-آثارنا المنهوبة_29.pdf,32,,290.74,292.83
29-آثارنا المنهوبة_29_p033_img001.png,29-آثارنا المنهوبة_29_p033_13ec0b2f,29-آثارنا المنهوبة_29.pdf,33,,290.65,292.81
29-آثارنا المنهوبة_29_p034_img001.png,29-آثارنا المنهوبة_29_p034_ba3c4f1a,29-آثارنا المنهوبة_29.pdf,34,,290.63,292.92
29-آثارنا المنهوبة_29_p035_img001.png,29-آثارنا المنهوبة_29_p035_528240af,29-آثارنا المنهوبة_29.pdf,35,,290.73,292.86
29-آثارنا المنهوبة_29_p036_img001.png,29-آثارنا المنهوبة_29_p036_49f9f79d,29-آثارنا المنهوبة_29.pdf,36,,290.74,292.91
29-آثارنا المنهوبة_29_p037_img002.png,29-آثارنا المنهوبة_29_p037_6729fc30,29-آثارنا المنهوبة_29.pdf,37,,290.65,292.81
29-آثارنا المنهوبة_29_p039_img002.png,29-آثارنا المنهوبة_29_p039_a9f53137,29-آثارنا المنهوبة_29.pdf,39,,290.62,292.86
29-آثارنا المنهوبة_29_p040_img002.png,29-آثارنا المنهوبة_29_p040_6bce3745,29-آثارنا المنهوبة_29.pdf,40,,290.65,292.88
29-آثارنا المنهوبة_29_p041_img002.png,29-آثارنا المنهوبة_29_p041_5fbfa716,29-آثارنا المنهوبة_29.pdf,41,,290.68,292.92
29-آثارنا المنهوبة_29_p042_img002.png,29-آثارنا المنهوبة_29_p042_7a61ad2e,29-آثارنا المنهوبة_29.pdf,42,,290.67,292.89
29-آثارنا المنهوبة_29_p043_img002.png,29-آثارنا المنهوبة_29_p043_255b10d7,29-آثارنا المنهوبة_29.pdf,43,,290.67,292.89
29-آثارنا المنهوبة_29_p044_img002.png,29-آثارنا المنهوبة_29_p044_2353c262,29-آثارنا المنهوبة_29.pdf,44,,290.7,292.88
29-آثارنا المنهوبة_29_p045_img002.png,29-آثارنا المنهوبة_29_p045_5d5be489,29-آثارنا المنهوبة_29.pdf,45,,290.66,292.83
29-آثارنا المنهوبة_29_p046_img002.png,29-آثارنا المنهوبة_29_p046_e7fde96b,29-آثارنا المنهوبة_29.pdf,46,,290.62,292.83
29-آثارنا المنهوبة_29_p047_img002.png,29-آثارنا المنهوبة_29_p047_4ab8cf85,29-آثارنا المنهوبة_29.pdf,47,,290.63,292.85
29-آثارنا المنهوبة_29_p048_img002.png,29-آثارنا المنهوبة_29_p048_fee3ccb4,29-آثارنا المنهوبة_29.pdf,48,,290.66,292.98
31-آثارنا المنهوبة_31_p002_img002.png,31-آثارنا المنهوبة_31_p002_86aafcec,31-آثارنا المنهوبة_31.pdf,2,,290.59,292.9
31-آثارنا المنهوبة_31_p003_img002.png,31-آثارنا المنهوبة_31_p003_29c5ae2a,31-آثارنا المنهوبة_31.pdf,3,,290.61,292.92
31-آثارنا المنهوبة_31_p004_img002.png,31-آثارنا المنهوبة_31_p004_c8d52ea6,31-آثارنا المنهوبة_31.pdf,4,,290.61,292.92
31-آثارنا المنهوبة_31_p005_img002.png,31-آثارنا المنهوبة_31_p005_2d74b8be,31-آثارنا المنهوبة_31.pdf,5,,290.65,292.94
31-آثارنا المنهوبة_31_p006_img002.png,31-آثارنا المنهوبة_31_p006_56cb6e06,31-آثارنا المنهوبة_31.pdf,6,,290.72,292.85
31-آثارنا المنهوبة_31_p007_img002.png,31-آثارنا المنهوبة_31_p007_518f511e,31-آثارنا المنهوبة_31.pdf,7,,290.65,292.9
31-آثارنا المنهوبة_31_p008_img002.png,31-آثارنا المنهوبة_31_p008_d07d17df,31-آثارنا المنهوبة_31.pdf,8,,290.67,292.9
31-آثارنا المنهوبة_31_p009_img002.png,31-آثارنا المنهوبة_31_p009_5d598bbd,31-آثارنا المنهوبة_31.pdf,9,,290.66,292.87
31-آثارنا المنهوبة_31_p010_img002.png,31-آثارنا المنهوبة_31_p010_26086da7,31-آثارنا المنهوبة_31.pdf,10,,290.7,292.82
31-آثارنا المنهوبة_31_p011_img002.png,31-آثارنا المنهوبة_31_p011_4c06705e,31-آثارنا المنهوبة_31.pdf,11,,290.66,292.86
31-آثارنا المنهوبة_31_p012_img002.png,31-آثارنا المنهوبة_31_p012_36e90747,31-آثارنا المنهوبة_31.pdf,12,,290.69,292.83
31-آثارنا المنهوبة_31_p013_img002.png,31-آثارنا المنهوبة_31_p013_2f2416a9,31-آثارنا المنهوبة_31.pdf,13,,290.67,292.83
31-آثارنا المنهوبة_31_p014_img003.png,31-آثارنا المنهوبة_31_p014_e0f6de98,31-آثارنا المنهوبة_31.pdf,14,,290.63,292.9
31-آثارنا المنهوبة_31_p015_img003.png,31-آثارنا المنهوبة_31_p015_c0b28629,31-آثارنا المنهوبة_31.pdf,15,,290.65,292.84
31-آثارنا المنهوبة_31_p016_img003.png,31-آثارنا المنهوبة_31_p016_f4871bc9,31-آثارنا المنهوبة_31.pdf,16,,290.62,292.83
31-آثارنا المنهوبة_31_p017_img003.png,31-آثارنا المنهوبة_31_p017_aa106c3f,31-آثارنا المنهوبة_31.pdf,17,,290.62,292.85
31-آثارنا المنهوبة_31_p018_img003.png,31-آثارنا المنهوبة_31_p018_b1646d5e,31-آثارنا المنهوبة_31.pdf,18,,290.69,292.83
31-آثارنا المنهوبة_31_p019_img003.png,31-آثارنا المنهوبة_31_p019_92190aac,31-آثارنا المنهوبة_31.pdf,19,,290.66,292.85
31-آثارنا المنهوبة_31_p020_img003.png,31-آثارنا المنهوبة_31_p020_7366c680,31-آثارنا المنهوبة_31.pdf,20,,290.65,292.91
31-آثارنا المنهوبة_31_p021_img003.png,31-آثارنا المنهوبة_31_p021_4561609d,31-آثارنا المنهوبة_31.pdf,21,,290.66,292.85
31-آثارنا المنهوبة_31_p022_img003.png,31-آثارنا المنهوبة_31_p022_02bfec92,31-آثارنا المنهوبة_31.pdf,22,,290.6,292.83
31-آثارنا المنهوبة_31_p023_img003.png,31-آثارنا المنهوبة_31_p023_42ffe533,31-آثارنا المنهوبة_31.pdf,23,,290.67,292.88
31-آثارنا المنهوبة_31_p024_img003.png,31-آثارنا المنهوبة_31_p024_3c4c4c31,31-آثارنا المنهوبة_31.pdf,24,,290.7,292.88
31-آثارنا المنهوبة_31_p025_img003.png,31-آثارنا المنهوبة_31_p025_a27af77d,31-آثارنا المنهوبة_31.pdf,25,,290.64,292.87
31-آثارنا المنهوبة_31_p026_img002.png,31-آثارنا المنهوبة_31_p026_d235d123,31-آثارنا المنهوبة_31.pdf,26,,290.62,292.85
31-آثارنا المنهوبة_31_p027_img003.png,31-آثارنا المنهوبة_31_p027_10b82af4,31-آثارنا المنهوبة_31.pdf,27,,290.65,292.88
31-آثارنا المنهوبة_31_p028_img001.png,31-آثارنا المنهوبة_31_p028_dd1df250,31-آثارنا المنهوبة_31.pdf,28,,290.65,292.83
31-آثارنا المنهوبة_31_p029_img001.png,31-آثارنا المنهوبة_31_p029_46c1dbc3,31-آثارنا المنهوبة_31.pdf,29,,290.65,292.88
31-آثارنا المنهوبة_31_p030_img001.png,31-آثارنا المنهوبة_31_p030_267a9cea,31-آثارنا المنهوبة_31.pdf,30,,290.66,292.88
31-آثارنا المنهوبة_31_p031_img001.png,31-آثارنا المنهوبة_31_p031_28432a4b,31-آثارنا المنهوبة_31.pdf,31,,290.68,292.86
31-آثارنا المنهوبة_31_p032_img001.png,31-آثارنا المنهوبة_31_p032_371c7b9e,31-آثارنا المنهوبة_31.pdf,32,,290.68,292.9
31-آثارنا المنهوبة_31_p033_img001.png,31-آثارنا المنهوبة_31_p033_b5dd6f23,31-آثارنا المنهوبة_31.pdf,33,,290.62,292.86
31-آثارنا المنهوبة_31_p034_img001.png,31-آثارنا المنهوبة_31_p034_3181947f,31-آثارنا المنهوبة_31.pdf,34,,290.65,292.87
31-آثارنا المنهوبة_31_p035_img001.png,31-آثارنا المنهوبة_31_p035_52be4054,31-آثارنا المنهوبة_31.pdf,35,,290.65,292.9
31-آثارنا المنهوبة_31_p036_img001.png,31-آثارنا المنهوبة_31_p036_224b2bc3,31-آثارنا المنهوبة_31.pdf,36,,290.66,292.85
31-آثارنا المنهوبة_31_p037_img002.png,31-آثارنا المنهوبة_31_p037_20e4ce58,31-آثارنا المنهوبة_31.pdf,37,,290.77,292.8
31-آثارنا المنهوبة_31_p038_img002.png,31-آثارنا المنهوبة_31_p038_c209f0d6,31-آثارنا المنهوبة_31.pdf,38,,290.65,292.92
31-آثارنا المنهوبة_31_p039_img002.png,31-آثارنا المنهوبة_31_p039_a2395d3d,31-آثارنا المنهوبة_31.pdf,39,,290.65,292.86
